

-0.32 -0.39 -0.68 0.06 -0.13 -0.06 0.9437 0.2529 -0.2133 0.0002 0 0 0 0 1706  1686  1136  1271  2226 
-0.34 -0.36 -0.67 -0.13 0.88 -0.31 0.9437 0.2529 -0.2132 0.0002 0 0 0 0 1692  1664  1154  1280  2211 
-0.37 -0.40 -0.65 -0.25 0.62 -0.13 0.9438 0.2529 -0.2130 0.0002 0 0 0 0 1683  1718  1152  1265  2203 
-0.36 -0.39 -0.67 -0.06 0.13 0.13 0.9438 0.2529 -0.2129 0.0003 0 0 0 0 1686  1715  1168  1256  2201 
-0.05 -0.01 -0.03 -0.13 -0.25 0.31 0.9438 0.2529 -0.2129 0.0003 0 0 1 0 1673  1680  1167  1249  2186 
-0.01 -0.02 -0.01 0.06 -0.44 0.13 0.9438 0.2529 -0.2129 0.0003 0 0 1 0 1694  1682  1184  1259  2207 
-0.01 0.00 -0.04 -0.19 0.06 0.19 0.9438 0.2529 -0.2129 0.0003 0 0 1 0 1710  1682  1179  1238  2229 
0.00 0.00 -0.06 0.00 0.06 -0.19 0.9438 0.2529 -0.2129 0.0003 0 0 1 0 1712  1686  1187  1225  2228 
-0.01 -0.01 -0.04 -0.19 0.31 -0.13 0.9438 0.2529 -0.2129 0.0003 0 0 1 0 1691  1680  1184  1210  2207 
-0.03 -0.02 -0.02 -0.19 0.37 -0.06 0.9438 0.2529 -0.2129 0.0003 0 0 1 0 1693  1735  1181  1207  2211 
-0.03 -0.01 -0.06 -0.13 0.00 0.06 0.9438 0.2529 -0.2129 0.0003 0 0 1 0 1689  1744  1200  1227  2218 
-0.02 0.00 -0.01 -0.06 0.19 0.06 0.9438 0.2529 -0.2129 0.0003 0 0 1 0 1676  1707  1202  1227  2198 
-0.01 0.00 -0.03 0.06 -0.13 0.13 0.9438 0.2529 -0.2129 0.0003 0 0 1 0 1697  1700  1206  1232  2221 
-0.01 -0.01 -0.04 -0.13 0.31 0.13 0.9438 0.2529 -0.2129 0.0003 0 0 1 0 1719  1702  1216  1231  2229 
-0.01 0.00 -0.06 0.06 -0.13 0.06 0.9438 0.2529 -0.2129 0.0003 0 0 1 0 1705  1687  1209  1232  2207 
0.00 0.00 -0.06 -0.06 -0.06 0.00 0.9438 0.2529 -0.2129 0.0003 0 0 1 0 1698  1728  1205  1222  2192 
-0.02 0.04 -0.07 0.19 0.06 0.06 0.9438 0.2529 -0.2129 0.0003 0 3 1 0 1696  1728  1200  1216  2171 
-0.03 0.00 -0.04 0.06 0.13 0.19 0.9438 0.2529 -0.2129 0.0003 0 3 1 0 1680  1709  1176  1207  2159 
-0.02 0.00 -0.06 0.19 0.00 0.19 0.9438 0.2529 -0.2129 0.0003 0 3 1 0 1695  1705  1184  1208  2166 
-0.01 -0.01 -0.02 -0.06 0.37 -0.06 0.9438 0.2529 -0.2129 0.0003 0 3 1 0 1707  1693  1184  1214  2192 
0.00 -0.02 -0.01 0.13 0.31 -0.13 0.9438 0.2529 -0.2129 0.0003 0 3 1 0 1719  1680  1182  1214  2222 
-0.05 0.00 -0.06 -0.13 0.13 -0.19 0.9438 0.2529 -0.2129 0.0003 0 3 1 0 1699  1669  1186  1217  2185 
-0.01 -0.01 -0.03 -0.19 -0.88 -0.13 0.9438 0.2529 -0.2130 0.0002 0 3 1 0 1705  1696  1198  1226  2195 
-0.01 0.00 -0.05 -0.75 -0.06 -0.31 0.9438 0.2527 -0.2131 0.0002 0 3 1 0 1709  1687  1174  1232  2190 
-0.03 -0.02 -0.02 -0.88 0.44 -0.50 0.9439 0.2523 -0.2131 0.0000 0 3 1 0 1689  1635  1155  1227  2144 
0.00 0.02 -0.06 -0.56 0.81 -0.62 0.9440 0.2520 -0.2129 -0.0002 0 3 1 0 1674  1637  1153  1232  2133 
0.00 -0.01 -0.03 -0.37 0.75 -0.56 0.9441 0.2521 -0.2124 -0.0002 0 3 1 0 1626  1648  1088  1206  2066 
-0.04 -0.01 0.00 -0.37 1.06 -0.25 0.9442 0.2521 -0.2119 -0.0002 0 3 1 0 1556  1614  993  1158  1937 
-0.03 0.00 -0.04 -0.06 0.75 -0.13 0.9443 0.2521 -0.2115 -0.0001 0 3 1 0 1535  1584  977  1152  1921 
-0.04 -0.01 -0.03 -0.13 0.69 -0.19 0.9443 0.2521 -0.2113 0.0000 0 3 1 0 1533  1648  984  1136  1939 
-0.02 0.00 -0.04 0.19 -1.00 0.31 0.9443 0.2521 -0.2114 0.0000 0 3 1 0 1520  1635  989  1149  1923 
0.01 -0.02 -0.04 0.37 -1.25 0.56 0.9442 0.2521 -0.2120 -0.0001 0 3 1 0 1532  1616  1008  1152  1921 
-0.02 -0.03 -0.04 0.31 -0.44 0.31 0.9442 0.2521 -0.2123 -0.0002 0 3 1 0 1582  1630  1064  1168  2015 
0.04 0.01 0.00 0.44 -0.25 0.56 0.9441 0.2521 -0.2125 -0.0002 0 3 1 0 1632  1625  1089  1188  2032 
-0.03 0.00 -0.04 0.56 -0.31 0.50 0.9440 0.2523 -0.2128 -0.0001 0 3 1 0 1616  1603  1088  1198  2001 
0.07 -0.03 -0.07 0.06 0.25 0.31 0.9440 0.2523 -0.2128 -0.0001 0 3 1 0 1611  1621  1086  1209  1977 
-0.01 -0.01 -0.07 0.25 2.44 -0.69 0.9441 0.2523 -0.2123 -0.0001 0 3 1 0 1604  1601  1086  1217  1987 
-0.02 -0.02 -0.09 0.00 3.00 -1.62 0.9443 0.2524 -0.2109 -0.0004 0 3 1 0 1597  1364  1102  1223  2071 
-0.05 0.02 -0.03 1.06 -0.81 -2.25 0.9444 0.2527 -0.2104 -0.0010 0 3 1 0 1687  1603  1177  1214  2115 
-0.01 0.00 -0.06 1.06 -2.19 -1.75 0.9441 0.2531 -0.2112 -0.0022 0 3 1 0 1728  1855  1264  1238  2159 
0.03 0.00 -0.04 0.19 -1.44 -0.25 0.9439 0.2532 -0.2119 -0.0027 0 3 1 0 1713  1926  1264  1249  2152 
-0.01 -0.01 -0.07 -0.06 -0.56 0.44 0.9439 0.2532 -0.2120 -0.0027 0 3 1 0 1714  2185  1346  1291  2153 
0.03 0.00 -0.08 0.00 -0.62 -0.44 0.9438 0.2533 -0.2125 -0.0029 0 3 1 0 1718  2303  1404  1302  2151 
0.00 0.00 -0.07 -0.31 0.19 -0.31 0.9438 0.2533 -0.2125 -0.0029 0 3 1 0 1712  2083  1371  1283  2151 
0.00 0.01 -0.06 -0.56 2.06 0.62 0.9439 0.2533 -0.2119 -0.0027 0 3 1 0 1694  1522  1133  1253  2116 
-0.01 0.01 -0.03 -1.12 2.87 1.19 0.9443 0.2526 -0.2107 -0.0020 0 3 1 0 1698  1410  1152  1201  2107 
0.03 -0.01 -0.10 -1.19 2.62 0.69 0.9448 0.2520 -0.2094 -0.0013 0 3 1 0 1697  1417  1130  1189  2078 
-0.01 0.02 -0.03 -0.69 2.06 0.06 0.9451 0.2518 -0.2085 -0.0011 0 3 1 0 1669  1412  1084  1174  2027 
0.01 -0.05 -0.04 -0.69 1.12 0.06 0.9453 0.2516 -0.2078 -0.0010 0 3 1 0 1671  1521  1089  1198  2031 
-0.01 -0.01 -0.06 -0.37 0.25 0.06 0.9454 0.2515 -0.2075 -0.0009 0 3 1 0 1638  1484  1089  1202  2021 
0.01 -0.02 -0.04 -0.06 0.62 -0.13 0.9454 0.2515 -0.2074 -0.0009 0 3 1 0 1602  1480  1104  1204  2015 
0.00 -0.04 -0.05 -0.13 0.37 -0.13 0.9454 0.2515 -0.2074 -0.0009 0 3 1 0 1630  1460  1128  1200  2037 
0.00 0.00 -0.07 0.00 0.37 -0.25 0.9454 0.2515 -0.2073 -0.0009 0 3 1 0 1639  1525  1091  1204  2045 
-0.01 -0.04 -0.04 -0.06 0.56 -0.37 0.9454 0.2515 -0.2073 -0.0009 0 3 1 0 1637  1518  1076  1211  2043 
-0.01 0.00 -0.02 -0.06 0.13 -0.13 0.9454 0.2515 -0.2073 -0.0009 0 3 1 0 1622  1561  1077  1202  2031 
0.00 -0.01 -0.01 0.00 0.13 0.06 0.9454 0.2515 -0.2073 -0.0009 0 3 1 0 1618  1616  1088  1200  2037 
0.02 0.00 -0.04 -0.06 0.37 -0.06 0.9454 0.2515 -0.2073 -0.0009 0 3 1 0 1619  1623  1085  1214  2033 
-0.01 -0.05 -0.01 -0.06 0.13 -0.19 0.9454 0.2515 -0.2073 -0.0009 0 3 1 0 1607  1568  1085  1212  2013 
-0.01 -0.02 -0.04 -0.13 0.31 -0.13 0.9454 0.2515 -0.2073 -0.0009 0 3 1 0 1600  1584  1095  1207  2035 
0.02 0.00 -0.04 -0.13 0.00 0.00 0.9454 0.2515 -0.2073 -0.0009 0 3 1 0 1630  1593  1092  1212  2064 
0.02 -0.01 -0.06 -0.31 0.00 -0.06 0.9454 0.2515 -0.2072 -0.0008 0 3 1 0 1635  1616  1107  1253  2092 
0.00 -0.03 -0.04 -0.25 -0.06 -0.06 0.9454 0.2515 -0.2072 -0.0008 0 3 1 0 1611  1607  1124  1260  2095 
0.00 -0.01 -0.01 0.13 0.25 0.13 0.9454 0.2515 -0.2072 -0.0008 0 3 1 0 1625  1670  1090  1274  2090 
-0.02 -0.04 -0.04 0.13 -0.37 0.25 0.9454 0.2515 -0.2072 -0.0008 0 3 1 0 1621  1677  1097  1275  2086 
0.00 -0.03 -0.06 0.19 -0.19 0.00 0.9454 0.2515 -0.2073 -0.0009 0 3 1 0 1609  1627  1096  1286  2070 
0.00 0.00 -0.03 0.25 0.19 -0.06 0.9454 0.2515 -0.2073 -0.0009 0 3 1 0 1616  1623  1104  1269  2106 
0.03 -0.02 -0.03 0.37 -0.44 -0.06 0.9454 0.2515 -0.2073 -0.0009 0 3 1 0 1634  1617  1121  1270  2113 
0.02 -0.04 -0.04 0.06 -0.44 -0.25 0.9454 0.2515 -0.2073 -0.0009 0 3 1 0 1642  1603  1146  1275  2128 
-0.01 0.00 -0.06 0.25 0.25 -0.19 0.9454 0.2515 -0.2073 -0.0009 0 3 1 0 1629  1585  1121  1287  2111 
0.00 0.00 -0.04 0.19 0.19 -0.06 0.9454 0.2515 -0.2073 -0.0009 0 3 1 0 1613  1637  1109  1289  2091 
0.00 0.00 -0.02 0.00 -0.25 0.19 0.9454 0.2515 -0.2073 -0.0009 0 3 1 0 1584  1614  1042  1265  2023 
0.00 -0.02 -0.05 0.25 0.06 0.56 0.9454 0.2515 -0.2073 -0.0008 0 3 1 0 1520  1520  977  1088  1923 
-0.02 0.01 0.01 0.25 0.06 0.75 0.9454 0.2514 -0.2073 -0.0005 0 3 1 0 1452  1259  827  1072  1836 
0.00 -0.05 -0.05 -0.31 0.25 0.00 0.9454 0.2514 -0.2073 -0.0005 0 3 1 0 1313  1072  648  1042  1798 
0.10 0.03 -0.08 -0.19 -0.25 -0.13 0.9454 0.2514 -0.2072 -0.0005 0 3 1 0 1107  826  605  897  1811 
-0.02 0.00 -0.02 0.13 1.00 -0.13 0.9455 0.2514 -0.2070 -0.0005 0 3 1 0 1057  778  506  940  1808 
-0.02 -0.05 -0.03 -0.31 0.31 0.13 0.9455 0.2514 -0.2069 -0.0004 0 3 1 0 1010  816  522  970  1804 
-0.01 -0.02 0.01 0.06 0.25 0.19 0.9455 0.2514 -0.2069 -0.0004 0 3 1 0 985  834  486  993  1814 
-0.01 -0.01 -0.02 0.00 0.06 0.37 0.9455 0.2514 -0.2069 -0.0004 0 3 1 0 968  757  485  1012  1810 
-0.01 -0.02 -0.01 -0.19 0.06 0.19 0.9455 0.2514 -0.2069 -0.0004 0 3 1 0 962  781  496  1034  1820 
0.00 -0.02 -0.02 -0.25 -0.19 -0.06 0.9455 0.2514 -0.2069 -0.0004 0 3 1 0 1005  742  501  1035  1883 
0.00 -0.01 -0.05 -0.06 0.13 -0.06 0.9455 0.2514 -0.2069 -0.0004 0 3 1 0 1041  770  521  1003  1901 
-0.03 -0.02 -0.02 -0.25 0.56 -0.19 0.9455 0.2514 -0.2069 -0.0004 0 3 1 0 1008  771  532  1034  1893 
-0.04 0.00 -0.01 -0.06 1.00 -0.37 0.9456 0.2514 -0.2068 -0.0004 0 3 1 0 1008  821  540  1067  1894 
-0.03 -0.02 -0.02 -0.19 0.19 -0.31 0.9456 0.2514 -0.2065 -0.0004 0 3 1 0 1059  819  541  1126  1907 
0.00 -0.01 -0.04 -0.25 -0.13 -0.06 0.9456 0.2514 -0.2065 -0.0004 0 3 1 0 1069  811  549  1133  1887 
-0.02 -0.02 -0.01 -0.19 0.00 -0.25 0.9456 0.2514 -0.2065 -0.0003 0 3 1 0 1098  773  538  1146  1930 
-0.05 -0.01 -0.02 0.00 0.44 -0.19 0.9456 0.2514 -0.2065 -0.0003 0 3 1 0 1132  784  586  1146  1967 
-0.05 0.01 -0.03 0.13 -0.13 0.00 0.9456 0.2514 -0.2065 -0.0003 0 3 1 0 1141  800  608  1156  1977 
-0.06 -0.01 0.00 0.19 -0.50 0.19 0.9456 0.2514 -0.2065 -0.0003 0 3 1 0 1122  825  592  1115  1957 
-0.04 -0.05 0.00 0.13 -0.88 0.37 0.9455 0.2514 -0.2070 -0.0004 0 3 1 0 1125  849  560  1128  1958 
-0.03 -0.01 -0.03 0.31 -0.56 0.31 0.9454 0.2514 -0.2072 -0.0005 0 3 1 0 1115  853  550  1147  1963 
-0.04 -0.05 0.00 0.13 0.06 -0.06 0.9454 0.2514 -0.2074 -0.0005 0 3 1 0 1101  810  536  1140  1956 
-0.06 -0.02 0.00 0.13 0.50 -0.19 0.9454 0.2514 -0.2074 -0.0005 0 3 1 0 1120  821  560  1136  1970 
-0.05 -0.01 -0.01 -0.13 0.37 -0.19 0.9454 0.2514 -0.2073 -0.0005 0 3 1 0 1117  837  576  1121  1987 
-0.05 -0.04 -0.03 -0.13 -0.13 0.13 0.9454 0.2514 -0.2073 -0.0005 0 3 1 0 1107  838  564  1106  1984 
-0.04 -0.04 -0.01 0.06 0.00 0.25 0.9454 0.2514 -0.2073 -0.0005 0 3 1 0 1094  875  560  1088  1967 
-0.04 -0.01 0.00 0.00 0.00 0.25 0.9454 0.2514 -0.2073 -0.0005 0 3 1 0 1104  916  568  1114  1963 
-0.03 -0.02 0.00 -0.25 -0.25 0.13 0.9454 0.2514 -0.2073 -0.0005 0 3 1 0 1102  892  560  1103  1955 
-0.05 -0.03 0.00 0.06 0.06 -0.06 0.9454 0.2514 -0.2073 -0.0005 0 3 1 0 1105  869  566  1102  1962 
-0.06 -0.01 0.00 0.00 0.13 0.00 0.9454 0.2514 -0.2073 -0.0005 0 3 1 0 1130  864  569  1075  1981 
-0.06 -0.02 0.00 0.19 -0.19 0.19 0.9454 0.2514 -0.2073 -0.0005 0 3 1 0 1122  857  558  1089  1991 
-0.08 -0.02 -0.04 0.19 -0.13 0.25 0.9454 0.2514 -0.2073 -0.0005 0 3 1 0 1113  856  560  1089  1969 
-0.08 -0.02 0.00 0.13 -0.19 0.25 0.9454 0.2514 -0.2073 -0.0005 0 3 1 0 1115  890  552  1059  1975 
-0.04 -0.01 -0.01 0.06 -0.06 0.13 0.9454 0.2514 -0.2073 -0.0005 0 3 1 0 1110  930  580  1120  1971 
-0.06 -0.03 0.01 0.00 -0.06 0.13 0.9454 0.2514 -0.2073 -0.0005 0 3 1 0 1110  944  560  1097  1962 
-0.06 -0.02 -0.03 -0.06 -0.13 0.00 0.9454 0.2514 -0.2073 -0.0005 0 3 1 0 1092  900  560  1097  1943 
-0.08 -0.02 -0.02 0.00 0.19 0.06 0.9454 0.2514 -0.2073 -0.0005 0 3 1 0 1118  904  560  1075  1967 
-0.07 -0.02 -0.03 -0.06 0.19 -0.25 0.9454 0.2514 -0.2073 -0.0005 0 3 1 0 1126  897  592  1093  1989 
-0.05 0.00 -0.04 0.00 0.25 0.00 0.9454 0.2514 -0.2073 -0.0005 0 3 1 0 1114  882  567  1122  1974 
-0.07 -0.03 -0.04 -0.13 -0.31 0.13 0.9454 0.2514 -0.2073 -0.0005 0 3 1 0 1132  912  608  1143  1984 
-0.06 -0.02 -0.03 0.13 -0.13 -0.06 0.9454 0.2514 -0.2073 -0.0005 0 3 1 0 1122  960  582  1137  1973 
-0.03 0.00 0.00 -0.13 0.06 0.06 0.9454 0.2514 -0.2073 -0.0005 0 3 1 0 1136  960  577  1140  1968 
-0.04 -0.02 0.00 0.00 0.25 -0.25 0.9454 0.2514 -0.2073 -0.0005 0 3 1 0 1105  912  548  1141  1954 
-0.07 -0.02 0.00 0.06 0.00 0.00 0.9454 0.2514 -0.2073 -0.0005 0 3 1 0 1133  896  557  1165  1971 
-0.07 -0.03 0.00 -0.06 0.31 -0.06 0.9454 0.2514 -0.2073 -0.0005 0 3 1 0 1161  898  560  1157  1990 
-0.05 -0.03 0.00 0.13 -0.25 0.13 0.9454 0.2514 -0.2073 -0.0005 0 3 1 0 1152  894  564  1168  1997 
-0.06 -0.02 -0.02 -0.13 -0.44 0.25 0.9454 0.2514 -0.2073 -0.0005 0 3 1 0 1148  903  576  1174  1981 
-0.05 -0.02 -0.02 -0.06 0.19 0.00 0.9454 0.2514 -0.2073 -0.0005 0 3 1 0 1142  968  602  1173  1978 
-0.05 -0.01 0.00 0.13 0.25 -0.06 0.9454 0.2514 -0.2073 -0.0005 0 3 1 0 1149  977  592  1200  1977 
-0.05 -0.03 0.00 0.13 0.13 0.06 0.9454 0.2514 -0.2073 -0.0005 0 3 1 0 1124  944  568  1168  1965 
-0.02 -0.02 -0.01 -0.06 -0.19 -0.13 0.9454 0.2514 -0.2073 -0.0005 0 3 1 0 1153  930  576  1169  1980 
-0.07 -0.02 0.00 0.00 0.19 0.00 0.9454 0.2514 -0.2073 -0.0005 0 3 1 0 1162  921  576  1164  1993 
-0.03 -0.02 -0.02 0.00 -0.06 -0.06 0.9454 0.2514 -0.2073 -0.0005 0 3 1 0 1168  928  593  1163  1997 
-0.04 -0.02 0.00 0.00 0.06 -0.13 0.9454 0.2514 -0.2073 -0.0005 0 3 1 0 1142  910  578  1166  1975 
-0.04 -0.02 -0.02 0.00 -0.06 0.00 0.9454 0.2514 -0.2073 -0.0005 0 3 1 0 1144  976  580  1173  1979 
-0.04 -0.02 0.01 0.00 0.00 0.06 0.9454 0.2514 -0.2073 -0.0005 0 3 1 0 1145  1001  582  1184  1979 
-0.06 -0.01 0.00 0.00 -0.13 -0.13 0.9454 0.2514 -0.2073 -0.0005 0 3 1 0 1121  950  577  1177  1957 
-0.04 -0.01 0.00 0.00 -0.19 0.00 0.9454 0.2514 -0.2073 -0.0005 0 3 1 0 1133  948  582  1169  1968 
-0.06 -0.02 -0.02 0.13 0.13 0.00 0.9454 0.2514 -0.2073 -0.0005 0 3 1 0 1138  955  595  1178  1984 
-0.04 -0.02 0.00 0.19 -0.19 0.06 0.9454 0.2514 -0.2073 -0.0005 0 3 1 0 1162  960  621  1174  1995 
-0.05 -0.01 -0.03 0.13 0.13 0.06 0.9454 0.2514 -0.2073 -0.0005 0 3 1 0 1132  957  604  1180  1975 
-0.07 -0.02 0.00 -0.06 0.00 0.00 0.9454 0.2514 -0.2073 -0.0005 0 3 1 0 1142  1008  601  1184  1965 
-0.01 -0.07 -0.02 -0.37 0.06 -0.06 0.9454 0.2514 -0.2073 -0.0005 0 3 1 0 1135  1040  585  1188  1971 
-0.01 -0.02 0.00 -0.25 0.19 -0.31 0.9454 0.2514 -0.2072 -0.0005 0 3 1 0 1116  971  576  1169  1951 
-0.02 -0.01 -0.03 -0.13 0.37 -0.19 0.9454 0.2514 -0.2071 -0.0005 0 3 1 0 1148  968  596  1157  1983 
-0.02 -0.02 -0.03 0.00 0.31 -0.13 0.9455 0.2514 -0.2070 -0.0005 0 3 1 0 1165  969  594  1168  2002 
-0.03 -0.01 -0.03 -0.13 -0.06 0.06 0.9455 0.2514 -0.2070 -0.0005 0 3 1 0 1136  970  593  1163  1984 
-0.05 -0.01 0.00 -0.06 0.13 -0.13 0.9455 0.2514 -0.2070 -0.0005 0 3 1 0 1144  1030  592  1166  1977 
-0.05 -0.05 -0.04 0.06 -0.19 0.13 0.9455 0.2514 -0.2070 -0.0005 0 3 1 0 1142  1065  584  1168  1971 
0.00 -0.02 -0.04 0.19 -0.19 0.00 0.9455 0.2514 -0.2070 -0.0005 0 3 1 0 1148  1060  572  1081  1953 
-0.02 0.00 -0.03 -0.13 -0.56 0.37 0.9455 0.2514 -0.2070 -0.0005 0 3 1 0 1120  1010  572  1125  1925 
0.00 -0.05 -0.01 0.56 -0.31 0.13 0.9454 0.2514 -0.2072 -0.0005 0 3 1 0 1143  1006  576  1133  1973 
0.00 -0.02 -0.03 0.00 0.37 -0.13 0.9454 0.2514 -0.2072 -0.0005 0 3 1 0 1166  993  565  1139  1986 
-0.03 -0.02 -0.04 0.00 0.56 -0.25 0.9454 0.2514 -0.2072 -0.0005 0 3 1 0 1146  992  592  1163  1968 
-0.01 -0.02 -0.02 0.00 0.31 0.06 0.9455 0.2514 -0.2071 -0.0005 0 3 1 0 1142  1023  592  1162  1969 
-0.01 -0.02 -0.04 0.00 -0.25 0.19 0.9455 0.2514 -0.2071 -0.0005 0 3 1 0 1137  1072  594  1163  1970 
0.00 -0.01 -0.04 -0.06 -0.62 -0.06 0.9454 0.2514 -0.2072 -0.0005 0 3 1 0 1137  1049  644  1168  1973 
0.03 -0.01 -0.06 -0.31 -0.13 -0.19 0.9454 0.2514 -0.2072 -0.0005 0 3 1 0 1130  1023  673  1168  1968 
0.00 -0.04 -0.03 -0.25 0.37 -0.25 0.9454 0.2514 -0.2072 -0.0005 0 3 1 0 1145  978  676  1170  1985 
-0.01 0.00 -0.04 -0.25 0.69 -0.50 0.9455 0.2514 -0.2070 -0.0005 0 3 1 0 1178  971  704  1183  2019 
-0.03 -0.03 0.00 -0.06 0.00 -0.13 0.9455 0.2514 -0.2070 -0.0004 0 3 1 0 1158  976  720  1184  2003 
-0.03 0.01 -0.01 0.13 -1.06 0.56 0.9454 0.2514 -0.2073 -0.0005 0 3 1 0 1147  984  680  1188  1995 
0.01 -0.04 -0.05 0.69 -1.37 0.81 0.9453 0.2514 -0.2082 -0.0004 0 3 1 0 1152  1052  734  1191  2000 
0.00 -0.02 -0.06 0.25 -0.62 0.25 0.9451 0.2515 -0.2086 -0.0005 0 3 1 0 1157  1053  768  1197  1999 
0.01 0.00 -0.04 0.00 0.56 -0.50 0.9451 0.2515 -0.2086 -0.0005 0 3 1 0 1164  989  752  1201  1990 
0.03 -0.01 -0.06 -0.37 1.56 -0.75 0.9453 0.2515 -0.2081 -0.0006 0 3 1 0 1190  960  768  1200  2007 
0.00 0.00 -0.02 -0.69 1.44 -0.62 0.9454 0.2515 -0.2073 -0.0008 0 3 1 0 1196  976  757  1202  2028 
-0.01 -0.02 -0.01 -0.06 0.75 -0.37 0.9455 0.2515 -0.2067 -0.0007 0 3 1 0 1168  988  741  1184  2000 
-0.04 -0.04 -0.02 0.13 0.37 0.13 0.9456 0.2515 -0.2067 -0.0007 0 3 1 0 1162  1034  741  1184  2003 
0.00 -0.02 -0.04 0.06 -0.81 0.25 0.9455 0.2515 -0.2067 -0.0007 0 3 1 0 1169  1033  748  1196  2002 
0.01 -0.02 -0.06 -0.06 -0.31 0.06 0.9455 0.2515 -0.2069 -0.0007 0 3 1 0 1168  1010  740  1200  2002 
0.02 0.00 -0.04 -0.06 0.13 -0.13 0.9455 0.2515 -0.2069 -0.0007 0 3 1 0 1158  994  752  1200  1995 
0.02 -0.04 -0.05 -0.06 0.81 -0.19 0.9455 0.2515 -0.2068 -0.0007 0 3 1 0 1167  995  738  1186  2005 
0.00 -0.02 -0.05 -0.19 1.00 -0.25 0.9456 0.2515 -0.2064 -0.0006 0 3 1 0 1180  989  752  1197  2015 
0.00 -0.03 -0.02 0.00 0.94 -0.50 0.9457 0.2515 -0.2059 -0.0005 0 3 1 0 1170  960  744  1201  2003 
0.02 -0.03 -0.03 -0.06 0.50 -0.06 0.9457 0.2515 -0.2057 -0.0005 0 3 1 0 1172  995  756  1202  2006 
0.01 -0.02 -0.05 -0.06 0.62 -0.19 0.9457 0.2515 -0.2056 -0.0004 0 3 1 0 1170  1006  759  1200  2006 
-0.05 -0.04 -0.03 0.00 0.69 -0.31 0.9458 0.2515 -0.2055 -0.0004 0 3 1 0 1168  1012  720  1200  2000 
-0.01 0.00 -0.03 -0.19 0.62 -0.25 0.9458 0.2515 -0.2054 -0.0004 0 3 1 0 1136  989  704  1152  1953 
0.00 0.00 -0.05 0.06 0.37 0.06 0.9458 0.2515 -0.2053 -0.0004 0 3 1 0 1142  1006  628  1049  1930 
-0.04 -0.05 -0.07 0.50 -0.19 0.06 0.9458 0.2515 -0.2053 -0.0004 0 3 1 0 1136  992  592  1001  1936 
0.02 -0.08 -0.03 0.00 0.56 -0.06 0.9458 0.2515 -0.2053 -0.0004 0 3 1 0 1104  965  598  1020  1938 
0.03 -0.02 -0.07 -0.06 1.06 -0.37 0.9459 0.2515 -0.2050 -0.0002 0 3 1 0 1144  1016  646  1040  1968 
0.00 0.00 -0.04 -0.25 1.06 -0.81 0.9460 0.2516 -0.2045 -0.0002 0 3 1 0 1136  1039  651  1049  1984 
0.00 -0.01 -0.05 -0.50 1.62 -0.75 0.9461 0.2516 -0.2039 -0.0004 0 3 1 0 1126  1020  670  1063  1962 
0.06 -0.04 -0.06 -0.56 1.81 -0.75 0.9464 0.2515 -0.2029 -0.0005 0 3 1 0 1136  1003  608  1072  1967 
0.00 -0.01 -0.05 -0.50 1.81 -0.81 0.9466 0.2513 -0.2021 -0.0007 0 3 1 0 1139  999  620  1060  1968 
0.00 -0.03 -0.04 -0.19 1.06 -0.37 0.9467 0.2514 -0.2014 -0.0007 0 3 1 0 1154  992  624  1009  1983 
0.08 -0.06 -0.01 0.25 0.00 -0.06 0.9467 0.2514 -0.2013 -0.0007 0 3 1 0 1136  1022  612  1009  1951 
0.04 -0.05 -0.03 0.19 -1.37 0.75 0.9466 0.2514 -0.2017 -0.0007 0 3 1 0 1158  1083  605  1009  1952 
0.05 -0.03 -0.03 0.13 -1.62 0.75 0.9465 0.2513 -0.2026 -0.0005 0 3 1 0 1133  1006  603  1017  1936 
0.03 -0.02 -0.04 0.06 -0.62 0.06 0.9464 0.2513 -0.2031 -0.0006 0 3 1 0 1162  1004  608  1046  1963 
0.06 -0.02 -0.07 -0.13 0.62 -0.50 0.9464 0.2513 -0.2030 -0.0006 0 3 1 0 1173  997  619  1061  2002 
0.03 -0.01 -0.06 -0.19 1.62 -1.00 0.9465 0.2514 -0.2023 -0.0007 0 3 1 0 1163  982  609  1058  1984 
0.02 -0.01 -0.04 -0.19 1.25 -0.44 0.9467 0.2515 -0.2017 -0.0007 0 3 1 0 1156  1022  605  1038  1968 
0.02 -0.03 -0.04 -0.13 0.31 0.00 0.9467 0.2515 -0.2014 -0.0006 0 3 1 0 1156  1093  608  1012  1962 
-0.01 -0.01 -0.01 0.06 0.19 -0.06 0.9467 0.2515 -0.2014 -0.0006 0 3 1 0 1141  1017  602  1032  1951 
0.02 -0.01 -0.04 0.19 0.00 0.13 0.9467 0.2515 -0.2015 -0.0007 0 3 1 0 1144  1017  598  1034  1958 
0.04 -0.02 -0.06 0.13 -0.06 0.06 0.9467 0.2515 -0.2015 -0.0007 0 3 1 0 1175  1015  620  1031  1985 
0.05 0.00 -0.06 -0.13 -0.06 0.00 0.9467 0.2515 -0.2015 -0.0007 0 3 1 0 1178  1015  593  1002  1982 
0.05 -0.03 -0.07 0.06 0.13 0.00 0.9467 0.2515 -0.2015 -0.0007 0 3 1 0 1159  1001  600  1002  1967 
0.08 -0.02 -0.06 0.00 0.19 -0.19 0.9467 0.2515 -0.2015 -0.0007 0 3 1 0 1157  1040  596  1023  1965 
0.06 0.00 -0.05 -0.19 0.81 -0.44 0.9467 0.2515 -0.2015 -0.0007 0 3 1 0 1161  1088  606  1043  1963 
0.02 -0.04 -0.03 -0.19 0.69 -0.25 0.9467 0.2515 -0.2013 -0.0006 0 3 1 0 1157  1059  608  1050  1955 
0.05 -0.02 -0.05 -0.06 0.37 -0.06 0.9467 0.2515 -0.2013 -0.0006 0 3 1 0 1152  1030  601  1056  1950 
0.04 -0.04 -0.08 -0.19 0.37 -0.19 0.9467 0.2515 -0.2013 -0.0006 0 3 1 0 1184  1040  611  1045  1970 
0.04 -0.02 -0.05 -0.06 0.31 -0.19 0.9467 0.2515 -0.2013 -0.0006 0 3 1 0 1187  1040  617  1044  1991 
0.00 -0.03 -0.05 0.00 -0.13 0.00 0.9467 0.2515 -0.2013 -0.0006 0 3 1 0 1190  1032  618  1036  1986 
0.06 -0.05 -0.06 0.00 -0.31 0.19 0.9467 0.2515 -0.2013 -0.0006 0 3 1 0 1182  1072  610  1040  1982 
0.06 -0.02 -0.06 0.00 0.13 -0.06 0.9467 0.2515 -0.2013 -0.0006 0 3 1 0 1169  1088  611  1046  1984 
0.07 -0.03 -0.07 -0.19 0.69 -0.25 0.9467 0.2515 -0.2012 -0.0006 0 3 1 0 1177  1084  609  1052  1984 
0.03 -0.02 -0.03 -0.13 0.44 -0.31 0.9468 0.2515 -0.2010 -0.0005 0 3 1 0 1166  1010  605  1046  1974 
0.04 -0.03 -0.07 -0.19 0.06 0.00 0.9468 0.2515 -0.2009 -0.0005 0 3 1 0 1190  1013  725  1066  2001 
0.07 -0.06 -0.06 -0.13 0.13 -0.19 0.9468 0.2515 -0.2009 -0.0005 0 3 1 0 1206  1021  737  1083  2025 
0.00 0.00 -0.06 -0.19 0.88 -0.13 0.9468 0.2515 -0.2007 -0.0004 0 3 1 0 1196  1021  770  1086  2013 
0.17 0.06 -0.12 0.06 0.56 -0.13 0.9468 0.2515 -0.2007 -0.0004 0 3 1 0 1184  1076  724  1083  1993 
0.00 -0.05 -0.05 -0.06 0.81 -0.06 0.9469 0.2515 -0.2004 -0.0004 0 3 1 0 1174  1127  608  1069  1969 
0.06 -0.03 -0.04 0.00 0.00 -0.19 0.9469 0.2515 -0.2004 -0.0004 0 3 1 0 1168  1134  609  1052  1969 
0.10 -0.06 -0.05 -0.19 0.06 -0.56 0.9469 0.2515 -0.2004 -0.0004 0 3 1 0 1168  1088  609  1066  1984 
0.05 0.00 -0.07 -0.25 0.81 -0.75 0.9470 0.2515 -0.2001 -0.0007 0 3 1 0 1194  1036  666  1071  2014 
0.02 0.02 -0.05 -0.06 0.06 -0.69 0.9470 0.2516 -0.1998 -0.0009 0 3 1 0 1200  1030  721  1074  2022 
0.09 -0.03 -0.10 0.00 0.06 -0.25 0.9470 0.2516 -0.1998 -0.0009 0 3 1 0 1198  1016  664  1070  2005 
0.05 -0.03 -0.07 -0.13 0.75 -0.25 0.9470 0.2516 -0.1997 -0.0009 0 3 1 0 1187  1021  620  1065  1997 
0.03 -0.03 -0.04 -0.19 0.50 -0.19 0.9471 0.2516 -0.1995 -0.0008 0 3 1 0 1190  1084  609  1061  1997 
0.03 -0.03 -0.04 -0.31 -0.06 0.06 0.9471 0.2516 -0.1995 -0.0008 0 3 1 0 1173  1086  661  1084  1989 
0.04 -0.05 -0.06 0.13 -0.88 0.56 0.9470 0.2515 -0.1998 -0.0008 0 3 1 0 1173  1036  708  1093  1978 
0.07 -0.05 -0.05 0.06 -1.19 0.75 0.9469 0.2515 -0.2003 -0.0006 0 3 1 0 1200  1072  726  1107  2000 
0.07 -0.05 -0.08 0.25 -1.00 0.69 0.9468 0.2514 -0.2007 -0.0004 0 3 1 0 1203  1072  746  1106  2031 
0.06 -0.02 -0.10 0.00 -0.37 0.13 0.9468 0.2514 -0.2008 -0.0004 0 3 1 0 1200  1033  740  1160  2059 
0.12 0.03 -0.11 -0.31 1.06 -0.88 0.9469 0.2515 -0.2004 -0.0005 0 3 1 0 1202  991  762  1170  2047 
0.11 -0.06 -0.07 -0.69 1.44 -1.06 0.9470 0.2515 -0.1996 -0.0007 0 3 1 0 1201  989  772  1173  2058 
0.09 -0.03 -0.07 -0.44 1.12 -0.56 0.9472 0.2516 -0.1988 -0.0009 0 3 1 0 1168  1006  772  1179  2043 
0.05 -0.02 -0.06 -0.06 1.19 -0.25 0.9473 0.2516 -0.1982 -0.0007 0 3 1 0 1152  1018  738  1152  2017 
0.09 -0.16 -0.01 -0.69 -0.44 0.19 0.9474 0.2515 -0.1981 -0.0007 0 3 1 0 1175  1019  733  1152  2045 
0.04 -0.07 -0.07 0.13 -0.44 0.19 0.9473 0.2515 -0.1981 -0.0007 0 3 1 0 1184  1028  742  1166  2067 
0.08 -0.03 -0.05 0.00 -0.75 0.13 0.9473 0.2515 -0.1983 -0.0007 0 3 1 0 1173  1014  749  1152  2047 
0.12 -0.02 -0.11 0.19 -0.44 -0.13 0.9473 0.2515 -0.1985 -0.0008 0 3 1 0 1185  1078  746  1149  2054 
0.10 -0.04 -0.09 -0.13 0.88 -0.25 0.9473 0.2515 -0.1984 -0.0007 0 3 1 0 1164  1092  736  1168  2032 
0.10 -0.06 -0.05 -0.31 1.37 -0.75 0.9474 0.2515 -0.1976 -0.0007 0 3 1 0 1152  1060  710  1147  1987 
0.06 -0.02 -0.04 -0.31 1.56 -0.62 0.9476 0.2516 -0.1968 -0.0009 0 3 1 0 1168  1056  669  1098  1986 
0.05 -0.04 -0.10 -0.13 1.94 -0.62 0.9478 0.2516 -0.1961 -0.0007 0 3 1 0 1182  1072  661  1084  2003 
0.08 -0.04 -0.04 -0.13 0.31 -0.13 0.9478 0.2516 -0.1959 -0.0007 0 3 1 0 1165  1069  674  1072  1995 
0.08 -0.05 -0.07 -0.06 -1.25 0.50 0.9478 0.2516 -0.1961 -0.0007 0 3 1 0 1168  1150  724  1104  2003 
0.08 -0.04 -0.05 -0.19 -1.31 0.37 0.9476 0.2515 -0.1967 -0.0008 0 3 1 0 1168  1170  741  1107  2014 
0.11 -0.02 -0.09 0.06 -0.81 0.37 0.9476 0.2515 -0.1972 -0.0009 0 3 1 0 1158  1124  746  1127  2032 
0.13 -0.01 -0.08 0.06 -0.13 0.19 0.9475 0.2515 -0.1975 -0.0010 0 3 1 0 1157  1130  784  1122  1999 
0.10 -0.05 -0.06 -0.19 0.25 0.00 0.9475 0.2515 -0.1975 -0.0010 0 3 1 0 1171  1118  752  1131  2064 
0.11 -0.03 -0.07 -0.06 -0.06 0.06 0.9475 0.2515 -0.1975 -0.0010 0 3 1 0 1193  1088  752  1132  2079 
0.13 -0.02 -0.08 -0.19 0.13 0.06 0.9475 0.2515 -0.1975 -0.0010 0 3 1 0 1166  1063  749  1136  2060 
0.11 -0.05 -0.08 -0.06 -0.06 0.00 0.9475 0.2515 -0.1975 -0.0010 0 3 1 0 1179  1128 
