 1488  1907  2419 
-1.99 1.12 -0.30 -191.06 57.94 -76.06 -0.1022 0.4711 0.1624 0.8610 3 3 3 3 2267  3375  2559  2103  2711 
-2.62 2.47 0.63 -161.69 68.19 -142.69 -0.0192 0.4437 0.1051 0.8898 3 3 3 3 2302  3353  2899  2239  2861 
-0.84 0.97 0.25 -173.94 60.69 -223.94 0.0881 0.4087 0.0681 0.9058 3 3 3 3 2293  3379  3159  2305  2923 
-1.83 0.52 0.92 -69.19 128.00 -133.56 0.1837 0.3515 0.0536 0.9164 3 3 3 3 2291  3122  3047  1909  2651 
-0.41 -2.57 -0.85 -12.31 148.19 -131.56 0.2484 0.2782 0.0735 0.9249 3 3 3 3 1806  2320  2597  1200  1739 
0.24 -3.16 -1.10 149.81 110.00 -57.88 0.2606 0.2365 0.1383 0.9258 3 3 3 3 624  565  1323  747  842 
3.24 2.83 -1.50 229.75 79.62 -33.31 0.2520 0.2139 0.2631 0.9064 3 3 3 3 177  0  0  848  827 
4.82 0.04 -2.51 200.37 73.87 51.00 0.2065 0.2059 0.3651 0.8842 3 3 3 3 354  0  0  1136  1387 
4.15 -0.01 -1.70 222.25 -32.00 164.50 0.1346 0.2376 0.4363 0.8574 3 3 3 3 576  0  0  1104  1116 
4.97 0.52 0.49 81.87 -54.69 272.00 0.0317 0.3254 0.4651 0.8226 3 3 3 3 896  64  0  1088  860 
0.25 0.59 1.10 -35.56 -11.88 207.06 -0.0504 0.3780 0.4330 0.8167 3 3 3 3 810  1936  0  1141  1138 
-1.92 2.17 1.62 -100.31 26.62 160.31 -0.1097 0.4170 0.3600 0.8273 3 3 3 3 1439  2901  0  1392  1943 
-2.06 1.91 2.94 -167.50 22.44 58.25 -0.1220 0.4382 0.2904 0.8419 3 3 3 3 2143  3247  1382  1814  2394 
-0.14 -0.03 1.80 -229.87 24.44 -47.69 -0.0792 0.4340 0.1987 0.8752 3 3 3 3 2281  3381  2455  2124  2731 
-2.68 0.45 0.51 -168.50 87.37 -100.00 -0.0110 0.4043 0.1243 0.9061 3 3 3 3 2295  3347  2835  2224  2736 
-2.07 0.00 -1.11 -160.06 75.69 -212.81 0.0976 0.3542 0.0798 0.9266 3 3 3 3 2112  2559  2559  1590  2350 
-0.12 -0.48 -2.36 29.25 113.37 -237.06 0.2030 0.3046 0.0955 0.9257 3 3 3 3 1278  406  2359  1152  1694 
1.33 -0.94 -4.22 131.69 17.19 -114.62 0.2621 0.2828 0.1593 0.9088 3 3 3 3 492  0  1357  862  889 
1.61 0.79 -4.40 257.81 32.13 25.44 0.2447 0.2959 0.2462 0.8899 3 3 3 3 477  0  0  1137  1451 
1.92 2.40 -3.42 329.94 -29.69 102.81 0.1649 0.3424 0.3680 0.8486 3 3 3 3 560  0  0  1302  1510 
2.79 4.39 1.93 211.44 -76.25 215.87 0.0724 0.4087 0.4371 0.7979 3 3 3 3 752  0  0  1054  954 
2.16 1.38 2.97 34.25 -20.87 243.87 -0.0320 0.4872 0.4139 0.7683 3 3 3 3 871  1405  0  999  841 
0.30 2.72 3.97 -31.19 81.87 134.62 -0.1070 0.4966 0.3655 0.7799 3 3 3 3 1011  2640  0  1195  1719 
-5.89 -0.24 2.89 -186.25 151.06 42.94 -0.1276 0.4691 0.2977 0.8216 3 3 3 3 1985  3223  1350  1563  2218 
-0.48 -1.49 0.20 -253.19 72.19 -81.81 -0.0660 0.4387 0.2102 0.8712 3 3 3 3 2123  3311  2421  1921  2559 
-0.73 0.24 -0.04 -150.31 84.00 -75.25 0.0031 0.3981 0.1429 0.9061 3 3 3 3 2203  3339  2827  2045  2718 
-3.56 0.67 -0.28 -148.06 109.94 -172.50 0.0732 0.3472 0.1086 0.9286 3 3 3 3 2240  3367  2963  2015  2715 
1.65 0.02 -2.43 -100.44 58.63 -127.56 0.1635 0.2981 0.0806 0.9370 2 3 3 3 2151  3122  2777  1654  2288 
1.45 -2.27 -4.31 23.25 97.75 -85.00 0.2056 0.2551 0.0884 0.9407 2 3 3 3 1361  1728  1655  907  1038 
2.44 0.10 -3.68 255.56 69.19 -17.31 0.2008 0.2263 0.1859 0.9348 2 3 3 3 176  0  0  699  752 
1.37 1.82 -2.80 313.12 17.62 75.50 0.1395 0.2382 0.3265 0.9040 2 3 3 3 212  0  0  1035  1424 
2.07 4.17 0.27 331.31 -60.19 174.37 0.0367 0.2986 0.4520 0.8397 2 3 3 3 656  485  0  1125  906 
0.33 4.06 4.75 15.00 19.62 215.75 -0.0487 0.3531 0.4718 0.8064 2 3 3 3 609  1934  0  1120  1300 
-4.11 1.03 3.16 -115.06 140.50 62.81 -0.1045 0.3515 0.4113 0.8345 2 3 3 3 1177  2795  0  1316  1673 
-1.21 -1.58 1.54 -112.06 80.81 -36.63 -0.1055 0.3192 0.3622 0.8694 2 3 3 3 1584  2959  336  1514  1757 
-0.48 -2.47 -1.61 -80.25 64.06 -48.69 -0.0826 0.2811 0.3224 0.9001 2 3 3 3 1769  2933  459  1411  1705 
-0.07 -2.36 -2.79 -64.37 34.38 -73.37 -0.0586 0.2582 0.2993 0.9167 3 3 3 3 1582  2943  890  1282  1791 
1.58 -2.16 -3.43 -107.87 -18.31 -57.69 -0.0130 0.2524 0.2660 0.9302 3 3 3 3 1408  2847  1456  1238  1735 
0.45 0.52 -1.24 -56.63 -19.56 -42.19 0.0201 0.2569 0.2371 0.9367 3 3 3 3 1225  2869  1905  1249  1786 
0.07 0.33 -0.18 -49.63 -21.12 -36.38 0.0473 0.2654 0.2199 0.9375 3 3 3 3 1366  2855  2000  1301  1908 
0.15 1.19 1.44 -16.87 -2.87 -32.88 0.0663 0.2640 0.2117 0.9387 3 3 3 3 1693  2967  2231  1256  1999 
-0.33 0.09 1.52 -36.50 2.75 -44.81 0.0848 0.2605 0.1989 0.9410 3 3 3 3 1767  2993  2295  1263  2162 
0.28 1.03 0.92 -30.81 5.50 -36.56 0.1083 0.2510 0.1864 0.9437 3 3 3 3 1839  3007  2095  1371  1927 
4.14 6.68 3.78 20.69 -37.25 -51.19 0.1371 0.2484 0.1761 0.9426 3 3 3 3 1626  2526  2113  1168  1922 
0.61 -0.45 -1.70 -8.44 9.94 -42.88 0.1534 0.2435 0.1866 0.9393 3 3 3 3 1584  2352  1941  1072  1794 
-0.16 0.01 0.06 34.44 10.00 -23.06 0.1677 0.2379 0.1945 0.9367 3 3 3 3 1219  2347  1777  1171  1685 
0.06 -0.65 -0.27 15.06 -8.81 -15.00 0.1772 0.2415 0.2059 0.9316 3 3 3 3 1236  2151  1328  1036  1565 
0.08 -0.41 0.08 37.38 -9.88 -15.00 0.1833 0.2468 0.2205 0.9257 3 3 3 3 860  2166  1316  1012  1623 
0.27 0.44 0.18 23.94 -14.75 -15.69 0.1900 0.2542 0.2321 0.9194 3 3 3 3 832  1974  1040  926  1487 
0.33 -0.38 0.00 11.50 -4.25 -8.06 0.1969 0.2603 0.2382 0.9147 3 3 3 3 613  1424  258  832  1250 
0.50 0.26 -0.10 2.12 -6.00 -4.31 0.2017 0.2617 0.2412 0.9125 3 3 3 3 496  596  0  648  1152 
0.02 -0.07 0.05 -0.88 -0.31 0.19 0.2068 0.2636 0.2397 0.9112 3 3 3 3 464  0  128  603  1100 
0.25 -0.21 -0.10 -0.69 1.25 -0.50 0.2086 0.2665 0.2375 0.9105 3 3 3 3 528  0  148  549  1150 
-0.06 -0.15 0.02 -0.75 1.56 0.19 0.2090 0.2664 0.2366 0.9107 3 3 3 3 426  0  0  540  1106 
-0.04 -0.21 0.01 1.00 -6.00 4.31 0.2094 0.2682 0.2354 0.9104 3 3 3 3 437  0  0  564  1086 
0.12 -0.24 -0.02 1.69 -6.44 3.62 0.2097 0.2725 0.2341 0.9094 3 3 3 3 532  0  0  565  1118 
0.24 -0.21 -0.06 1.12 -5.69 2.00 0.2112 0.2756 0.2328 0.9084 3 3 3 3 556  0  0  556  1104 
0.11 -0.20 -0.03 0.44 -0.75 -0.88 0.2124 0.2773 0.2318 0.9079 3 3 3 3 560  0  112  534  1113 
0.05 -0.16 -0.03 -0.06 0.19 -0.44 0.2150 0.2780 0.2309 0.9073 3 3 3 3 484  0  0  581  1124 
0.06 -0.16 -0.02 -0.13 -0.25 -0.37 0.2170 0.2786 0.2301 0.9069 3 3 3 3 424  0  0  560  1091 
0.01 -0.18 0.02 -0.31 -0.75 0.13 0.2194 0.2792 0.2292 0.9063 3 3 3 3 386  0  0  597  956 
-0.01 -0.18 0.00 -0.19 -1.87 0.50 0.2205 0.2800 0.2286 0.9059 3 3 3 3 384  0  0  659  898 
0.01 -0.19 -0.01 0.37 -4.00 0.88 0.2217 0.2817 0.2275 0.9054 3 3 3 3 402  0  0  657  976 
0.09 -0.17 -0.07 0.25 -3.62 0.31 0.2219 0.2838 0.2268 0.9049 3 3 3 3 573  0  0  684  1058 
0.04 -0.18 -0.04 -0.31 -2.25 -0.37 0.2223 0.2849 0.2263 0.9045 3 3 3 3 579  0  0  704  1056 
0.01 -0.16 -0.01 0.13 -1.50 0.56 0.2233 0.2859 0.2257 0.9041 3 3 3 3 546  0  0  714  1030 
0.11 -0.14 -0.03 0.37 -1.62 0.94 0.2255 0.2872 0.2247 0.9034 3 3 3 3 564  0  0  740  1056 
0.00 -0.18 -0.04 0.44 0.31 -0.31 0.2274 0.2881 0.2238 0.9029 3 3 3 3 560  0  0  720  1080 
0.06 -0.18 -0.01 0.06 -1.62 0.69 0.2283 0.2888 0.2232 0.9026 3 3 3 3 563  0  0  716  1065 
-0.01 -0.13 -0.04 0.06 -1.87 0.94 0.2288 0.2896 0.2227 0.9023 3 3 3 3 592  0  0  730  1106 
0.00 -0.14 -0.03 0.75 -3.37 2.12 0.2281 0.2911 0.2222 0.9022 3 3 3 3 610  0  0  720  1110 
0.09 -0.15 -0.01 0.88 -4.31 2.75 0.2275 0.2934 0.2216 0.9017 3 3 3 3 560  0  0  666  1088 
0.03 -0.15 -0.08 0.06 -3.56 1.06 0.2271 0.2950 0.2213 0.9014 3 3 3 3 563  0  0  624  1088 
0.02 -0.14 -0.03 -0.06 -2.81 0.56 0.2274 0.2963 0.2208 0.9009 3 3 3 3 576  0  51  609  1113 
0.05 -0.10 -0.03 0.25 -1.25 0.44 0.2275 0.2971 0.2205 0.9008 3 3 3 3 578  0  0  601  1131 
0.08 -0.16 -0.08 -0.06 -1.12 0.25 0.2279 0.2980 0.2200 0.9005 3 3 3 3 632  0  0  630  1190 
0.03 -0.13 -0.07 0.06 0.69 -0.56 0.2279 0.2979 0.2200 0.9005 3 3 3 3 627  0  0  626  1185 
-0.03 -0.12 -0.06 0.19 1.75 -0.81 0.2279 0.2975 0.2202 0.9006 3 3 3 3 637  0  0  669  1185 
0.02 -0.13 -0.05 -0.25 1.56 -1.19 0.2282 0.2968 0.2205 0.9007 3 3 3 3 640  0  0  688  1174 
0.02 -0.12 -0.01 -0.37 1.75 -1.12 0.2286 0.2957 0.2209 0.9008 3 3 3 3 633  0  0  678  1184 
-0.03 -0.11 -0.03 -0.25 0.94 -0.37 0.2286 0.2951 0.2211 0.9009 3 3 3 3 613  0  0  669  1129 
0.00 -0.12 0.00 -0.13 0.06 -0.06 0.2286 0.2949 0.2212 0.9010 3 3 3 3 678  0  0  676  1183 
0.03 -0.14 -0.01 0.19 -0.75 0.62 0.2286 0.2952 0.2211 0.9010 3 3 3 3 667  0  0  670  1212 
0.02 -0.13 -0.05 0.19 -0.81 0.31 0.2285 0.2955 0.2209 0.9009 3 3 3 3 656  0  0  690  1196 
0.03 -0.13 -0.04 0.00 -0.19 0.06 0.2285 0.2956 0.2209 0.9009 3 3 3 3 658  0  0  711  1218 
0.03 -0.15 -0.04 0.06 0.13 -0.19 0.2285 0.2956 0.2209 0.9009 3 3 3 3 644  0  0  707  1204 
0.05 -0.13 -0.05 -0.13 0.37 -0.13 0.2285 0.2956 0.2209 0.9009 3 3 3 3 629  0  0  689  1164 
0.01 -0.12 -0.04 0.06 0.00 -0.13 0.2285 0.2956 0.2209 0.9009 3 3 3 3 673  0  0  672  1202 
0.00 -0.15 -0.04 -0.13 0.13 0.06 0.2285 0.2956 0.2209 0.9009 3 3 3 3 709  0  0  681  1249 
0.01 -0.12 -0.04 0.06 0.00 0.00 0.2285 0.2956 0.2209 0.9009 3 3 3 3 656  0  0  698  1210 
0.03 -0.15 -0.04 0.13 -0.37 0.06 0.2285 0.2956 0.2209 0.9009 3 3 3 3 658  0  0  720  1209 
0.03 -0.12 -0.02 -0.06 0.06 0.06 0.2285 0.2956 0.2209 0.9009 3 3 3 3 676  0  0  744  1230 
0.04 -0.13 -0.06 0.00 0.13 -0.19 0.2285 0.2956 0.2209 0.9009 3 3 3 3 665  0  0  744  1220 
0.02 -0.16 -0.04 -0.06 0.19 -0.06 0.2285 0.2956 0.2209 0.9009 3 3 3 3 668  0  0  732  1200 
0.02 -0.15 -0.02 -0.13 0.13 0.13 0.2285 0.2956 0.2209 0.9009 3 3 3 3 728  0  0  724  1274 
0.02 -0.11 -0.02 0.06 -0.25 0.13 0.2285 0.2956 0.2209 0.9009 3 3 3 3 732  0  0  738  1300 
0.03 -0.13 -0.01 0.00 -0.25 0.19 0.2285 0.2957 0.2209 0.9009 3 3 3 3 693  0  52  722  1264 
0.03 -0.13 -0.05 0.06 -0.19 0.19 0.2285 0.2957 0.2209 0.9009 3 3 3 3 686  0  0  757  1262 
0.05 -0.11 -0.02 -0.13 0.06 0.19 0.2285 0.2957 0.2209 0.9009 3 3 3 3 691  0  0  768  1246 
0.03 -0.15 -0.04 0.00 0.31 -0.13 0.2285 0.2957 0.2209 0.9009 3 3 3 3 666  0  0  752  1200 
0.01 -0.14 -0.05 -0.06 0.44 -0.13 0.2285 0.2955 0.2209 0.9009 3 3 3 3 716  0  0  754  1233 
0.00 -0.15 -0.03 -0.13 0.56 -0.31 0.2285 0.2955 0.2209 0.9009 3 3 3 3 757  0  0  754  1264 
0.00 -0.11 -0.03 -0.06 0.13 -0.19 0.2285 0.2955 0.2209 0.9009 3 3 3 3 757  0  0  756  1311 
0.00 -0.15 -0.04 -0.06 0.25 -0.06 0.2285 0.2955 0.2209 0.9009 3 3 3 3 710  0  0  768  1282 
0.02 -0.13 -0.03 -0.06 0.06 0.13 0.2285 0.2955 0.2209 0.9009 3 3 3 3 723  0  0  773  1299 
0.00 -0.14 -0.03 0.00 -0.31 0.19 0.2285 0.2955 0.2209 0.9009 3 3 3 3 720  0  16  782  1300 
0.02 -0.15 -0.04 -0.06 -0.19 0.19 0.2285 0.2955 0.2209 0.9009 3 3 3 3 694  0  6  758  1276 
-0.01 -0.14 -0.05 -0.13 0.00 0.19 0.2285 0.2955 0.2209 0.9009 3 3 3 3 722  0  56  753  1296 
0.02 -0.12 -0.06 0.06 0.13 0.06 0.2285 0.2955 0.2209 0.9009 3 3 3 3 750  0  68  704  1315 
0.01 -0.16 -0.03 0.06 0.25 0.13 0.2285 0.2955 0.2209 0.9009 3 3 3 3 752  0  64  704  1330 
0.04 -0.13 -0.01 0.31 0.62 -0.19 0.2284 0.2953 0.2211 0.9010 3 3 3 3 720  0  76  704  1280 
0.03 -0.14 -0.03 0.94 0.62 0.00 0.2282 0.2950 0.2214 0.9011 3 3 3 3 717  0  80  697  1265 
0.06 -0.13 -0.04 0.56 0.25 -0.13 0.2281 0.2950 0.2218 0.9010 3 3 3 3 720  0  67  690  1263 
-0.01 -0.10 -0.03 0.37 0.31 0.06 0.2280 0.2949 0.2220 0.9010 3 3 3 3 710  0  64  690  1245 
0.04 -0.13 -0.05 0.31 -0.06 0.19 0.2280 0.2949 0.2220 0.9010 3 3 3 3 728  0  89  704  1296 
0.02 -0.12 -0.05 0.00 -0.06 -0.19 0.2280 0.2949 0.2220 0.9010 3 3 3 3 768  0  112  697  1328 
0.00 -0.12 -0.07 0.00 0.56 -0.31 0.2280 0.2949 0.2220 0.9010 3 3 3 3 768  0  96  704  1334 
0.04 -0.13 -0.04 -0.19 0.25 -0.25 0.2280 0.2949 0.2220 0.9010 3 3 3 3 750  0  80  688  1292 
0.05 -0.16 -0.05 -0.31 0.13 -0.25 0.2280 0.2949 0.2220 0.9010 3 3 3 3 726  0  80  710  1264 
0.01 -0.13 -0.05 -0.13 0.75 -0.44 0.2279 0.2946 0.2221 0.9011 3 3 3 3 711  0  80  682  1264 
0.03 -0.12 -0.04 0.25 1.50 -0.25 0.2278 0.2941 0.2222 0.9012 3 3 3 3 733  0  128  690  1296 
-0.02 -0.12 -0.02 0.06 1.81 -0.62 0.2277 0.2933 0.2225 0.9014 3 3 3 3 743  0  160  680  1328 
0.00 -0.11 -0.03 -0.37 1.06 -0.88 0.2279 0.2927 0.2227 0.9016 3 3 3 3 726  0  154  640  1312 
-0.01 -0.11 -0.06 -0.69 0.94 -0.88 0.2283 0.2921 0.2228 0.9016 3 3 3 3 714  0  146  656  1317 
0.04 -0.18 -0.01 -0.50 0.50 -0.31 0.2285 0.2917 0.2228 0.9017 3 3 3 3 750  0  275  651  1442 
-0.02 0.02 -0.05 -1.62 1.00 -0.75 0.2288 0.2914 0.2228 0.9017 3 3 3 3 1078  1827  1445  917  1809 
-0.19 0.04 0.04 0.19 -1.00 -4.56 0.2299 0.2924 0.2226 0.9012 3 3 3 3 1616  2608  2085  1130  1965 
-1.85 0.00 0.46 -19.87 -18.25 -30.19 0.2413 0.2930 0.2205 0.8985 3 3 3 3 1754  2747  2237  1154  1985 
0.46 -0.17 -0.36 -24.94 -19.81 -50.81 0.2670 0.2936 0.2145 0.8925 3 3 3 3 1653  2627  2265  1157  1923 
1.29 -0.67 -0.45 -12.25 -10.88 -23.94 0.2858 0.2935 0.2103 0.8876 3 3 3 3 1466  2087  2128  1013  1821 
-0.96 0.07 0.25 1.81 13.81 -7.37 0.2881 0.2912 0.2111 0.8875 3 3 3 3 1200  986  2009  960  1789 
0.01 0.13 -0.06 -5.19 2.19 -3.25 0.2902 0.2894 0.2095 0.8878 3 3 3 3 1030  0  1951  933  1776 
-0.10 0.02 0.01 -1.31 -1.19 1.37 0.2914 0.2886 0.2082 0.8879 3 3 3 3 937  0  1877  906  1775 
0.08 -0.20 0.00 -1.56 -5.44 3.56 0.2909 0.2905 0.2063 0.8879 3 3 3 3 951  0  1840  817  1783 
0.17 0.12 -0.10 1.19 -3.44 2.12 0.2905 0.2920 0.2054 0.8878 3 3 3 3 853  0  1679  832  1686 
-0.05 -0.06 -0.06 1.81 -2.62 3.50 0.2893 0.2939 0.2044 0.8878 3 3 3 3 871  0  1699  688  1650 
0.00 -0.17 -0.01 1.19 0.44 1.50 0.2881 0.2953 0.2039 0.8878 3 3 3 3 864  56  1681  688  1590 
-0.04 -0.11 -0.04 0.13 -0.81 1.37 0.2876 0.2955 0.2037 0.8879 3 3 3 3 917  64  1475  720  1683 
0.04 -0.12 -0.02 0.06 -1.56 1.94 0.2869 0.2960 0.2034 0.8881 3 3 3 3 934  128  1565  710  1701 
-0.03 -0.14 -0.06 0.50 2.25 -0.75 0.2866 0.2957 0.2034 0.8882 3 3 3 3 912  256  1812  652  1680 
0.01 -0.16 -0.04 -0.69 -1.62 -1.31 0.2873 0.2949 0.2036 0.8883 3 3 3 3 1092  498  2101  738  1703 
-0.03 -0.09 -0.05 0.37 4.50 -3.06 0.2877 0.2943 0.2040 0.8883 3 3 3 3 1115  688  2143  748  1760 
-0.11 -0.10 0.04 -0.75 3.00 -1.12 0.2878 0.2922 0.2044 0.8888 3 3 3 3 1132  736  2202  763  1776 
-0.15 -0.12 0.00 -0.75 2.75 -1.12 0.2881 0.2910 0.2045 0.8891 3 3 3 3 1195  906  2237  752  1777 
0.00 -0.11 -0.06 -1.31 5.31 -0.25 0.2884 0.2891 0.2045 0.8896 3 3 3 3 1181  928  2257  749  1729 
-0.03 -0.18 0.03 -0.44 3.69 0.44 0.2880 0.2869 0.2047 0.8904 3 3 3 3 1067  944  2160  701  1653 
0.07 -0.14 -0.04 0.31 1.56 1.94 0.2869 0.2863 0.2047 0.8910 3 3 3 3 833  877  1885  656  1571 
-0.18 -0.13 -0.02 1.12 3.12 1.62 0.2856 0.2854 0.2050 0.8916 3 3 3 3 669  545  1488  688  1418 
-0.04 -0.05 0.00 0.75 -0.88 1.87 0.2856 0.2856 0.2047 0.8916 3 3 3 3 609  276  1056  621  1445 
0.02 -0.14 -0.03 1.50 -3.87 3.69 0.2842 0.2872 0.2045 0.8916 3 3 3 3 656  208  784  576  1354 
-0.10 -0.05 -0.03 2.12 -0.69 1.00 0.2831 0.2888 0.2044 0.8914 3 3 3 3 613  149  592  590  1269 
-0.17 -0.08 0.03 2.00 -3.44 2.25 0.2825 0.2900 0.2046 0.8912 3 3 3 3 584  172  320  626  1113 
0.10 -0.11 -0.07 1.31 -3.00 2.19 0.2816 0.2925 0.2042 0.8907 3 3 3 3 508  197  301  624  1092 
0.00 -0.10 -0.07 0.19 0.31 0.00 0.2814 0.2930 0.2041 0.8907 3 3 3 3 370  75  202  544  885 
0.07 -0.13 -0.04 -0.31 -0.88 0.19 0.2812 0.2932 0.2040 0.8907 3 3 3 3 291  20  192  648  925 
-0.02 -0.08 -0.08 -0.25 1.12 -0.94 0.2814 0.2930 0.2040 0.8907 3 3 3 3 345  0  48  712  896 
-0.03 -0.08 -0.02 -0.50 1.06 -0.62 0.2815 0.2927 0.2041 0.8907 3 3 3 3 296  0  0  700  914 
0.09 -0.11 -0.08 -0.88 1.06 -0.50 0.2815 0.2925 0.2038 0.8909 3 3 3 3 230  0  0  768  804 
-0.01 -0.13 -0.02 -0.88 2.25 -1.19 0.2817 0.2913 0.2040 0.8912 3 3 3 3 200  0  0  740  847 
-0.10 -0.06 0.03 -0.37 0.69 0.06 0.2820 0.2905 0.2041 0.8913 3 3 3 3 144  0  0  746  822 
0.19 -0.11 -0.14 0.44 -1.00 2.81 0.2812 0.2908 0.2039 0.8915 3 3 3 3 293  105  480  384  656 
0.52 -0.25 -0.01 3.75 4.37 4.12 0.2787 0.2899 0.2051 0.8923 3 3 3 3 465  425  848  277  823 
0.49 -1.62 1.20 17.44 24.19 24.87 0.2704 0.2865 0.2100 0.8948 3 3 3 3 470  1205  912  241  675 
-0.83 -0.60 0.34 50.56 92.37 90.62 0.2248 0.2667 0.2288 0.9088 3 3 3 3 508  1040  690  242  624 
-0.18 2.34 -1.95 34.81 80.87 75.94 0.1686 0.2399 0.2466 0.9236 3 3 3 3 1120  1210  839  404  1088 
0.80 0.70 -0.90 22.94 54.38 56.56 0.1297 0.2225 0.2554 0.9319 3 3 3 3 1678  2129  1469  409  1622 
-0.30 0.16 0.00 22.87 34.06 45.25 0.1019 0.2106 0.2628 0.9361 3 3 3 3 2112  2719  1728  739  1819 
-0.32 0.68 -0.49 20.56 29.44 30.87 0.0802 0.2037 0.2697 0.9377 3 3 3 3 2249  2815  1776  893  1853 
-0.14 -2.19 1.67 -8.63 0.19 -10.19 0.0767 0.2011 0.2694 0.9387 3 3 3 3 2067  2684  1316  823  1513 
-1.30 1.73 -0.17 16.50 -1.19 -6.56 0.0839 0.2012 0.2674 0.9386 3 3 3 3 1935  2133  816  713  1579 
0.70 -0.50 -0.14 3.75 -28.94 19.94 0.0787 0.2130 0.2665 0.9367 3 3 3 3 1889  1986  449  648  1610 
0.00 0.22 -0.36 4.25 -5.75 4.62 0.0725 0.2184 0.2687 0.9353 3 3 3 3 1253  1401  0  641  1491 
0.16 -0.07 -0.20 -1.06 -2.31 -3.56 0.0738 0.2209 0.2682 0.9348 3 3 3 3 1192  744  112  676  1519 
0.65 0.07 -0.47 -3.25 -2.75 -4.19 0.0761 0.2219 0.2674 0.9346 3 3 3 3 1276  439  570  564  1627 
-0.08 0.30 -0.07 -1.00 14.25 -16.00 0.0795 0.2174 0.2678 0.9352 3 3 3 3 1280  496  840  659  1643 
1.03 2.48 -2.09 -12.13 -49.56 -36.88 0.0956 0.2203 0.2684 0.9329 3 3 3 3 1297  784  1261  785  1730 
0.38 0.28 -0.47 -29.00 -46.06 -49.31 0.1253 0.2308 0.2592 0.9294 3 3 3 3 1518  848  1426  935  1843 
0.21 -1.73 1.29 -6.50 -20.12 -9.13 0.1404 0.2406 0.2537 0.9263 3 3 3 3 1681  857  1346  1008  1875 
0.71 -2.42 0.11 -9.75 -21.81 3.75 0.1428 0.2465 0.2500 0.9254 3 3 3 3 1625  914  1403  990  1947 
-1.25 -0.21 0.13 -1.87 6.12 -6.69 0.1462 0.2480 0.2524 0.9238 3 3 3 3 1616  1124  1393  1056  1903 
0.54 -0.07 -0.23 4.19 -5.69 2.19 0.1451 0.2524 0.2532 0.9226 3 3 3 3 1660  1159  1348  1041  1809 
0.90 0.70 -0.89 6.69 -9.75 -7.62 0.1464 0.2537 0.2564 0.9211 3 3 3 3 1618  1276  1676  998  1779 
0.05 0.42 -0.73 -25.87 -23.62 -50.19 0.1680 0.2600 0.2523 0.9168 3 3 3 3 1616  1452  2014  1079  1931 
0.05 -2.24 1.45 -29.19 -22.87 -33.88 0.1903 0.2629 0.2435 0.9139 3 3 3 3 1603  1360  2098  1262  2154 
1.70 -0.62 -0.10 -32.31 -33.88 2.75 0.1982 0.2623 0.2380 0.9139 3 3 3 3 1768  1366  1997  1289  2206 
0.25 -0.10 -0.29 0.81 -9.31 -2.56 0.1987 0.2646 0.2361 0.9136 3 3 3 3 1783  1445  1933  1332  2251 
0.26 -0.22 0.04 -2.50 -4.62 3.19 0.1989 0.2667 0.2349 0.9133 3 3 3 3 1807  1680  1910  1347  2290 
0.11 -0.15 -0.09 2.62 -3.44 2.00 0.1964 0.2684 0.2357 0.9132 3 3 3 3 1813  1664  1888  1328  2334 
-0.07 -0.11 -0.09 0.88 -2.37 0.06 0.1957 0.2698 0.2361 0.9128 3 3 3 3 1827  1665  1859  1351  2357 
0.02 -0.08 -0.13 0.88 -1.19 0.25 0.1957 0.2708 0.2360 0.9125 3 3 3 3 1817  1629  1790  1375  2403 
0.09 -0.15 0.13 -1.62 -3.37 -3.12 0.1964 0.2717 0.2355 0.9122 3 3 3 3 1859  1657  1805  1377  2416 
0.22 -0.29 0.11 -1.44 -7.62 -7.94 0.1989 0.2728 0.2352 0.9114 3 3 3 3 1863  1854  1867  1353  2386 
0.00 0.10 -0.30 -10.81 -16.56 -22.12 0.2092 0.2775 0.2325 0.9084 3 3 3 3 1813  1891  1939  1342  2394 
-0.44 0.21 0.03 -8.44 -11.06 -11.88 0.2189 0.2792 0.2296 0.9063 3 3 3 3 1776  1627  1775  1303  2406 
0.57 -0.25 -0.08 0.00 -8.25 7.12 0.2195 0.2833 0.2278 0.9053 3 3 3 3 1803  1557  1606  1264  2402 
0.14 -0.11 -0.14 -0.56 -0.13 1.12 0.2185 0.2842 0.2273 0.9054 3 3 3 3 1708  1387  1614  1238  2327 
0.08 -0.07 -0.13 -1.69 3.87 -0.19 0.2182 0.2838 0.2264 0.9058 3 3 3 3 1677  1229  1602  1212  2273 
0.07 -0.06 -0.07 -2.44 2.69 -0.62 0.2181 0.2821 0.2256 0.9066 3 3 3 3 1616  1223  1475  1258  2191 
-0.01 -0.09 -0.05 -1.87 2.94 -1.12 0.2184 0.2803 0.2253 0.9072 3 3 3 3 1591  1259  1453  1248  2094 
0.00 -0.07 -0.05 -1.19 2.87 -0.88 0.2180 0.2788 0.2253 0.9077 3 3 3 3 1559  1202  1413  1216  2046 
0.03 -0.07 -0.10 -0.88 2.37 -0.31 0.2179 0.2775 0.2252 0.9081 3 3 3 3 1586  1144  1411  1168  2005 
0.00 -0.08 -0.05 -0.69 1.06 -0.19 0.2178 0.2768 0.2250 0.9084 3 3 3 3 1535  1115  1407  1198  1989 
0.02 -0.09 -0.09 -0.69 1.00 -0.31 0.2177 0.2763 0.2250 0.9086 3 3 3 3 1535  1118  1360  1155  1952 
-0.01 -0.10 -0.05 -0.37 0.62 0.19 0.2177 0.2760 0.2251 0.9088 3 3 3 3 1533  1155  1317  1120  1940 
-0.04 -0.07 -0.10 -0.13 0.25 -0.13 0.2177 0.2761 0.2250 0.9087 3 3 3 3 1472  1104  1259  1089  1940 
-0.01 -0.10 -0.05 -0.06 0.44 -0.25 0.2175 0.2759 0.2251 0.9088 3 3 3 3 1494  1109  1265  1120  1970 
-0.01 -0.06 -0.08 0.13 -0.06 -0.19 0.2175 0.2760 0.2250 0.9088 3 3 3 3 1488  1108  1278  1133  2007 
0.03 -0.07 -0.08 0.06 0.00 -0.19 0.2174 0.2760 0.2250 0.9088 3 3 3 3 1505  1104  1328  1153  1998 
0.00 -0.11 -0.07 0.25 0.31 -0.25 0.2170 0.2760 0.2251 0.9089 3 3 3 3 1520  1187  1365  1170  2010 
0.00 -0.08 -0.07 0.13 -0.06 -0.19 0.2169 0.2759 0.2251 0.9089 3 3 3 3 1513  1237  1386  1186  2015 
0.00 -0.08 -0.05 0.06 -0.31 -0.06 0.2169 0.2760 0.2251 0.9089 3 3 3 3 1504  1184  1387  1187  2000 
-0.05 -0.10 -0.10 0.25 0.00 -0.19 0.2169 0.2760 0.2251 0.9089 3 3 3 3 1530  1185  1386  1197  2033 
0.01 -0.06 -0.08 0.31 -0.44 0.06 0.2169 0.2761 0.2250 0.9089 3 3 3 3 1591  1184  1392  1188  2063 
0.04 -0.08 -0.09 0.69 -0.75 0.25 0.2169 0.2765 0.2252 0.9088 3 3 3 3 1614  1157  1406  1203  2047 
0.01 -0.10 -0.07 0.81 -0.13 0.06 0.2168 0.2767 0.2255 0.9086 3 3 3 3 1600  1243  1422  1216  2037 
0.02 -0.09 -0.06 0.56 -0.06 -0.06 0.2167 0.2768 0.2257 0.9086 3 3 3 3 1590  1264  1434  1227  2058 
0.00 -0.08 -0.09 0.37 0.13 -0.37 0.2167 0.2768 0.2258 0.9086 3 3 3 3 1573  1213  1430  1225  2035 
0.05 -0.07 -0.10 0.44 -0.31 0.00 0.2167 0.2768 0.2258 0.9086 3 3 3 3 1587  1251  1454  1230  2057 
0.05 -0.06 -0.08 0.25 -0.50 0.19 0.2167 0.2769 0.2257 0.9086 3 3 3 3 1600  1253  1461  1239  2070 
0.00 -0.07 -0.10 0.31 -0.19 0.19 0.2167 0.2769 0.2257 0.9085 3 3 3 3 1617  1235  1475  1255  2085 
0.03 -0.07 -0.10 -0.13 -0.19 -0.13 0.2167 0.2770 0.2257 0.9085 3 3 3 3 1601  1253  1477  1285  2069 
0.04 -0.07 -0.12 -0.25 -0.13 0.00 0.2167 0.2770 0.2257 0.9085 3 3 3 3 1602  1267  1479  1281  2075 
0.03 -0.09 -0.08 -0.37 0.44 -0.13 0.2167 0.2769 0.2257 0.9085 3 3 3 3 1591  1238  1519  1291  2059 
0.06 -0.06 -0.08 -0.31 0.00 -0.13 0.2167 0.2769 0.2257 0.9086 3 3 3 3 1600  1232  1524  1287  2065 
0.02 -0.08 -0.07 -0.13 -0.19 -0.13 0.2167 0.2769 0.2257 0.9086 3 3 3 3 1616  1238  1526  1282  2105 
0.04 -0.08 -0.12 0.00 -0.25 0.13 0.2167 0.2769 0.2257 0.9086 3 3 3 3 1622  1239  1533  1287  2137 
0.00 -0.07 -0.11 0.37 -0.13 -0.13 0.2167 0.2769 0.2258 0.9085 3 3 3 3 1605  1232  1579  1254  2123 
0.02 -0.08 -0.12 0.50 0.00 -0.13 0.2167 0.2770 0.2258 0.9085 3 3 3 3 1606  1286  1559  1281  2151 
0.04 -0.07 -0.11 0.25 0.31 -0.13 0.2167 0.2770 0.2258 0.9085 3 3 3 3 1616  1326  1559  1313  2160 
0.02 -0.06 -0.10 0.06 0.50 -0.06 0.2167 0.2770 0.2258 0.9085 3 3 3 3 1616  1327  1567  1329  2153 
0.03 -0.06 -0.12 0.00 0.50 -0.19 0.2167 0.2770 0.2258 0.9085 3 3 3 3 1599  1289  1579  1329  2133 
0.08 -0.06 -0.13 -0.19 0.19 -0.19 0.2167 0.2770 0.2258 0.9085 3 3 3 3 1608  1303  1577  1338  2160 
0.05 -0.07 -0.13 -0.06 0.50 -0.13 0.2167 0.2770 0.2258 0.9085 3 3 3 3 1627  1302  1593  1348  2171 
0.07 -0.06 -0.12 0.00 0.13 -0.13 0.2167 0.2770 0.2258 0.9085 3 3 3 3 1618  1285  1586  1338  2135 
0.05 -0.07 -0.14 -0.13 0.44 -0.31 0.2167 0.2769 0.2258 0.9085 3 3 3 3 1623  1296  1589  1333  2128 
0.07 -0.07 -0.09 -0.06 0.37 -0.37 0.2167 0.2769 0.2258 0.9085 3 3 3 3 1621  1394  1593  1344  2131 
0.07 -0.05 -0.11 -0.25 0.25 -0.37 0.2167 0.2769 0.2258 0.9085 3 3 3 3 1622  1413  1590  1335  2131 
0.10 -0.06 -0.11 -0.13 0.06 -0.19 0.2167 0.2768 0.2258 0.9086 3 3 3 3 1612  1371  1592  1342  2119 
0.04 -0.08 -0.09 -0.19 0.13 -0.19 0.2167 0.2768 0.2258 0.9086 3 3 3 3 1627  1376  1606  1346  2149 
0.05 -0.07 -0.10 -0.13 0.37 -0.19 0.2167 0.2768 0.2258 0.9086 3 3 3 3 1635  1377  1612  1344  2157 
0.05 -0.06 -0.12 0.06 -0.31 0.25 0.2167 0.2768 0.2258 0.9086 3 3 3 3 1620  1360  1609  1353  2133 
0.08 -0.07 -0.10 0.19 -0.31 -0.06 0.2167 0.2768 0.2258 0.9086 3 3 3 3 1622  1409  1605  1348  2134 
0.05 -0.07 -0.14 0.19 0.00 -0.06 0.2167 0.2768 0.2258 0.9086 3 3 3 3 1622  1424  1607  1352  2130 
0.08 -0.08 -0.11 0.00 0.13 -0.06 0.2167 0.2768 0.2258 0.9086 3 3 3 3 1616  1421  1603  1359  2130 
0.06 -0.07 -0.10 0.13 -0.25 0.13 0.2167 0.2768 0.2258 0.9086 3 3 3 3 1625  1380  1603  1350  2135 
0.06 -0.08 -0.10 0.06 -0.31 0.00 0.2167 0.2768 0.2258 0.9086 3 3 3 3 1643  1390  1615  1341  2163 
0.09 -0.05 -0.09 0.13 0.13 0.13 0.2167 0.2768 0.2258 0.9086 3 3 3 3 1628  1373  1613  1344  2149 
0.05 -0.08 -0.13 0.06 0.00 0.13 0.2167 0.2768 0.2258 0.9086 3 3 3 3 1619  1426  1603  1337  2145 
0.09 -0.08 -0.14 -0.06 0.37 -0.06 0.2167 0.2768 0.2258 0.9086 3 3 3 3 1616  1485  1604  1343  2147 
0.10 -0.06 -0.13 0.06 -0.06 0.06 0.2167 0.2768 0.2258 0.9086 3 3 3 3 1609  1488  1620  1351  2131 
0.08 -0.05 -0.09 0.00 0.13 0.06 0.2167 0.2768 0.2258 0.9086 3 3 3 3 1600  1440  1609  1347  2127 
0.07 -0.06 -0.11 0.06 0.37 -0.06 0.2167 0.2768 0.2258 0.9086 3 3 3 3 1626  1440  1601  1355  2147 
0.08 -0.07 -0.12 0.06 0.00 0.13 0.2167 0.2768 0.2258 0.9086 3 3 3 3 1648  1442  1607  1360  2198 
0.07 -0.07 -0.10 0.06 0.25 -0.06 0.2167 0.2768 0.2258 0.9086 3 3 3 3 1634  1437  1605  1365  2179 
0.06 -0.07 -0.12 0.13 0.06 0.06 0.2167 0.2768 0.2258 0.9086 3 3 3 3 1630  1484  1606  1360  2192 
0.07 -0.09 -0.12 0.00 0.31 0.25 0.2167 0.2768 0.2258 0.9086 3 3 3 3 1636  1527  1610  1377  2167 
0.07 -0.07 -0.14 -0.06 0.31 0.00 0.2167 0.2768 0.2258 0.9086 3 3 3 3 1637  1535  1602  1377  2181 
0.09 -0.07 -0.13 0.13 0.31 0.00 0.2167 0.2768 0.2258 0.9086 3 3 3 3 1623  1490  1604  1372  2151 
0.08 -0.09 -0.15 0.00 -0.13 0.00 0.2167 0.2768 0.2258 0.9086 3 3 3 3 1630  1498  1612  1374  2166 
0.08 -0.08 -0.12 0.13 -0.25 0.13 0.2167 0.2768 0.2258 0.9086 3 3 3 3 1654  1488  1619  1371  2189 
0.05 -0.11 -0.12 -0.06 0.31 -0.13 0.2167 0.2768 0.2258 0.9086 3 3 3 3 1639  1487  1616  1371  2161 
0.06 -0.05 -0.12 -0.06 0.13 -0.13 0.2167 0.2768 0.2258 0.9086 3 3 3 3 1642  1511  1616  1376  2161 
0.09 -0.06 -0.11 0.00 0.25 -0.19 0.2167 0.2768 0.2258 0.9086 3 3 3 3 1641  1535  1614  1379  2171 
0.01 -0.07 -0.09 -0.13 0.31 0.00 0.2167 0.2768 0.2258 0.9086 3 3 3 3 1631  1509  1615  1382  2154 
0.12 -0.08 -0.12 0.13 -0.25 0.13 0.2167 0.2768 0.2258 0.9086 3 3 3 3 1621  1493  1620  1379  2126 
0.09 -0.07 -0.12 0.31 -0.62 0.56 0.2167 0.2769 0.2258 0.9085 3 3 3 3 1636  1500  1616  1369  2119 
0.10 -0.08 -0.13 0.06 -0.56 0.69 0.2166 0.2769 0.2258 0.9086 3 3 3 3 1645  1493  1525  1357  2075 
0.11 -0.07 -0.10 -0.44 0.44 0.06 0.2165 0.2769 0.2258 0.9086 3 3 3 3 1591  1511  1471  1301  2007 
0.08 -0.05 -0.10 -0.62 0.62 0.06 0.2165 0.2765 0.2257 0.9087 3 3 3 3 1566  1535  1456  1245  1955 
0.08 -0.07 -0.11 -0.44 0.75 -0.19 0.2164 0.2763 0.2257 0.9088 3 3 3 3 1512  1505  1427  1204  1939 
0.10 -0.07 -0.13 -0.25 0.25 -0.25 0.2164 0.2762 0.2257 0.9088 3 3 3 3 1408  1353  1287  1040  1941 
0.10 -0.11 -0.12 -0.37 0.06 -0.31 0.2164 0.2762 0.2257 0.9088 3 3 3 3 1429  1358  1417  1125  2001 
0.13 -0.11 -0.12 -0.25 0.75 -1.12 0.2167 0.2760 0.2258 0.9088 3 3 3 3 1578  1446  1530  1197  2082 
0.06 -0.06 -0.08 -0.81 1.25 -0.88 0.2170 0.2753 0.2261 0.9088 3 3 3 3 1601  1581  1506  1305  2087 
0.07 -0.06 -0.10 -0.56 1.00 -0.37 0.2172 0.2748 0.2260 0.9090 3 3 3 3 1616  1583  1513  1296  2071 
0.10 -0.09 -0.09 -0.37 -0.62 0.13 0.2172 0.2748 0.2260 0.9090 3 3 3 3 1617  1634  1535  1296  2079 
0.13 -0.08 -0.14 0.13 -1.06 0.06 0.2173 0.2753 0.2258 0.9089 3 3 3 3 1607  1614  1584  1312  2091 
0.13 -0.08 -0.16 0.19 -0.50 -0.44 0.2173 0.2755 0.2258 0.9088 3 3 3 3 1614  1602  1586  1310  2083 
0.10 -0.09 -0.11 -0.31 1.75 -0.94 0.2174 0.2750 0.2260 0.9089 3 3 3 3 1638  1614  1557  1328  2099 
0.03 -0.09 -0.08 -0.06 0.19 -0.19 0.2175 0.2745 0.2261 0.9089 3 3 3 3 1636  1618  1535  1353  2114 
0.15 -0.12 -0.13 0.06 -1.37 0.50 0.2177 0.2751 0.2260 0.9088 3 3 3 3 1634  1610  1535  1352  2114 
0.07 -0.08 -0.12 -0.19 0.25 -0.50 0.2177 0.2751 0.2260 0.9088 3 3 3 3 1633  1653  1535  1360  2096 
0.09 -0.07 -0.10 0.06 0.13 -0.50 0.2177 0.2751 0.2260 0.9088 3 3 3 3 1635  1651  1535  1361  2086 
0.14 -0.07 -0.13 -0.13 0.19 -0.50 0.2177 0.2751 0.2260 0.9088 3 3 3 3 1621  1637  1535  1360  2061 
0.11 -0.07 -0.13 -0.25 0.50 -0.37 0.2177 0.2750 0.2260 0.9088 3 3 3 3 1633  1648  1557  1347  2090 
0.09 -0.09 -0.11 -0.13 0.13 -0.25 0.2178 0.2750 0.2261 0.9088 3 3 3 3 1650  1648  1563  1347  2110 
0.11 -0.09 -0.13 0.00 -0.06 -0.31 0.2178 0.2750 0.2261 0.9088 3 3 3 3 1659  1655  1575  1360  2121 
0.14 -0.08 -0.13 -0.06 -0.31 -0.13 0.2178 0.2750 0.2261 0.9088 3 3 3 3 1642  1645  1596  1338  2134 
0.14 -0.07 -0.16 -0.13 -0.06 -0.19 0.2178 0.2750 0.2261 0.9088 3 3 3 3 1637  1680  1600  1335  2127 
0.13 -0.09 -0.11 -0.13 0.06 -0.31 0.2178 0.2750 0.2261 0.9088 3 3 3 3 1639  1681  1609  1350  2129 
0.14 -0.08 -0.12 -0.25 0.25 -0.50 0.2178 0.2750 0.2261 0.9088 3 3 3 3 1629  1658  1600  1356  2122 
0.07 -0.08 -0.13 -0.25 0.06 -0.31 0.2178 0.2748 0.2261 0.9088 3 3 3 3 1648  1660  1603  1350  2147 
0.12 -0.09 -0.13 -0.25 0.25 -0.25 0.2177 0.2748 0.2261 0.9088 3 3 3 3 1661  1655  1614  1362  2155 
0.13 -0.11 -0.11 -0.25 0.06 -0.19 0.2177 0.2748 0.2261 0.9088 3 3 3 3 1662  1645  1610  1353  2151 
0.10 -0.06 -0.12 -0.06 -0.37 -0.06 0.2177 0.2748 0.2261 0.9088 3 3 3 3 1649  1687  1614  1359  2132 
0.14 -0.09 -0.12 0.00 -0.75 -0.06 0.2178 0.2750 0.2261 0.9088 3 3 3 3 1644  1713  1620  1342  2128 
0.13 -0.10 -0.13 0.00 -0.50 0.06 0.2178 0.2751 0.2260 0.9087 3 3 3 3 1632  1648  1616  1347  2111 
0.18 -0.08 -0.14 -0.31 -0.25 -0.31 0.2178 0.2751 0.2260 0.9087 3 3 3 3 1653  1653  1631  1353  2139 
0.11 -0.09 -0.13 -0.06 0.19 -0.50 0.2177 0.2753 0.2260 0.9087 3 3 3 3 1669  1650  1633  1360  2160 
0.13 -0.08 -0.15 -0.06 0.56 -0.50 0.2177 0.2755 0.2259 0.9087 3 3 3 3 1659  1650  1632  1367  2132 
0.08 -0.07 -0.10 0.19 0.31 -0.25 0.2175 0.2758 0.2258 0.9086 3 3 3 3 1664  1691  1632  1365  2130 
0.10 -0.06 -0.14 0.25 -0.13 0.00 0.2175 0.2760 0.2257 0.9086 3 3 3 3 1664  1703  1624  1375  2131 
0.09 -0.07 -0.11 0.13 -0.19 -0.06 0.2173 0.2762 0.2256 0.9086 3 3 3 3 1651  1668  1610  1375  2079 
0.13 -0.06 -0.13 0.00 0.06 0.00 0.2173 0.2765 0.2255 0.9086 3 3 3 3 1638  1630  1557  1364  2069 
0.13 -0.07 -0.11 -0.13 -0.44 0.19 0.2172 0.2767 0.2255 0.9085 3 3 3 3 1662  1626  1554  1357  2100 
0.14 -0.09 -0.11 0.00 -0.06 0.06 0.2171 0.2770 0.2254 0.9085 3 3 3 3 1648  1584  1472  1329  2039 
0.12 -0.07 -0.14 -0.06 -0.19 -0.13 0.2170 0.2773 0.2253 0.9084 3 3 3 3 1568  1447  1328  1224  1954 
0.15 -0.08 -0.13 -0.50 0.06 0.13 0.2169 0.2775 0.2252 0.9084 3 3 3 3 1424  1197  1052  1018  1819 
0.06 -0.06 -0.12 -0.50 -0.06 -0.44 0.2169 0.2776 0.2250 0.9084 3 3 3 3 1152  720  752  865  1733 
0.04 -0.10 -0.09 0.06 -0.81 -0.44 0.2169 0.2780 0.2249 0.9083 3 3 3 3 1007  0  560  836  1616 
0.29 -0.12 -0.19 -0.69 0.37 -0.75 0.2170 0.2783 0.2248 0.9083 3 3 3 3 885  0  377  816  1668 
0.19 -0.17 -0.15 -1.94 1.94 -1.69 0.2173 0.2778 0.2246 0.9084 3 3 3 3 848  0  336  918  1769 
0.10 -0.10 -0.11 -1.12 2.75 -2.44 0.2180 0.2766 0.2247 0.9086 3 3 3 3 812  0  368  995  1767 
0.06 -0.09 -0.10 -1.06 4.12 -2.50 0.2187 0.2749 0.2247 0.9089 3 3 3 3 863  16  478  1002  1840 
0.07 -0.06 -0.12 -1.44 3.37 -2.56 0.2195 0.2733 0.2248 0.9092 3 3 3 3 864  0  404  1035  1873 
0.07 -0.05 -0.11 -1.44 3.62 -2.50 0.2204 0.2714 0.2248 0.9095 3 3 3 3 941  0  461  1088  1986 
0.02 -0.07 -0.09 -1.44 3.12 -1.94 0.2211 0.2696 0.2247 0.9099 3 3 3 3 970  48  541  1072  2023 
0.01 -0.03 -0.12 -0.50 2.12 -1.12 0.2214 0.2683 0.2250 0.9102 3 3 3 3 923  0  472  1017  1938 
0.00 -0.02 -0.10 0.37 -0.50 1.62 0.2211 0.2681 0.2250 0.9103 3 3 3 3 880  241  433  966  1785 
0.19 -0.07 -0.19 0.19 -2.37 2.75 0.2201 0.2694 0.2244 0.9103 3 3 3 3 842  560  424  896  1726 
0.11 -0.09 -0.14 0.31 -0.31 1.25 0.2192 0.2700 0.2241 0.9104 3 3 3 3 832  472  386  890  1727 
0.18 -0.15 -0.16 -0.69 4.81 -1.31 0.2186 0.2699 0.2239 0.9106 3 3 3 3 880  542  412  931  1807 
0.31 -0.01 -0.17 -2.50 8.75 -3.31 0.2188 0.2675 0.2239 0.9113 3 3 3 3 875  510  452  932  1823 
0.10 0.02 -0.06 0.37 12.00 -1.94 0.2187 0.2621 0.2249 0.9126 3 3 3 3 820  654  566  921  1779 
0.36 0.25 -0.21 7.50 13.75 4.94 0.2152 0.2566 0.2290 0.9140 3 3 3 3 856  2251  896  1035  1874 
-0.40 0.84 -0.72 26.06 40.44 30.94 0.2030 0.2494 0.2374 0.9166 3 3 3 3 1140  2559  995  1085  1907 
0.79 -0.52 0.03 7.62 30.00 21.19 0.1785 0.2339 0.2471 0.9232 3 3 3 3 1187  2493  1273  1092  1857 
-0.97 0.03 -0.03 7.50 29.19 -1.50 0.1689 0.2194 0.2543 0.9266 3 3 3 3 1113  1874  1269  898  1838 
0.26 -0.51 0.05 -5.50 -0.94 -5.00 0.1718 0.2177 0.2536 0.9267 3 3 3 3 998  1262  939  893  1777 
-0.60 -1.36 0.92 -7.87 -3.81 5.06 0.1718 0.2162 0.2518 0.9275 3 3 3 3 1018  601  664  953  1806 
1.10 0.64 -0.47 -2.12 -2.19 6.69 0.1705 0.2202 0.2495 0.9275 3 3 3 3 1057  633  890  855  1764 
-0.54 0.50 -0.31 7.75 10.13 2.50 0.1679 0.2179 0.2510 0.9281 3 3 3 3 1173  645  970  816  1916 
0.45 -1.56 0.34 -14.38 -7.44 3.56 0.1666 0.2180 0.2473 0.9293 3 3 3 3 1332  768  1040  1013  1986 
-0.53 0.09 0.20 -10.06 -3.87 -3.75 0.1694 0.2193 0.2423 0.9298 3 3 3 3 1366  598  1008  1054  2030 
0.60 0.02 -0.24 -2.00 -13.25 2.31 0.1710 0.2256 0.2394 0.9287 3 3 3 3 1264  434  896  1136  2063 
0.02 -0.10 -0.03 0.37 -9.94 2.87 0.1712 0.2302 0.2382 0.9279 3 3 3 3 1259  393  860  1117  2057 
0.00 0.00 -0.11 1.56 -4.87 2.25 0.1703 0.2331 0.2381 0.9274 3 3 3 3 1260  430  721  1099  2065 
0.00 0.00 -0.07 2.12 -5.87 1.25 0.1700 0.2364 0.2380 0.9266 3 3 3 3 1196  197  803  1122  2074 
0.13 -0.07 -0.17 1.12 -2.37 2.31 0.1695 0.2389 0.2380 0.9260 3 3 3 3 1239  240  874  1129  2125 
0.08 -0.02 -0.14 0.75 -2.37 1.87 0.1678 0.2403 0.2382 0.9259 3 3 3 3 1260  298  758  1157  2128 
0.09 -0.06 -0.17 0.88 -2.75 1.37 0.1672 0.2419 0.2382 0.9256 3 3 3 3 1270  360  785  1206  2127 
0.21 -0.10 -0.18 -0.75 -0.94 0.06 0.1661 0.2424 0.2383 0.9257 3 3 3 3 1270  440  732  1216  2157 
0.11 -0.02 -0.16 -1.31 3.44 -1.94 0.1664 0.2414 0.2384 0.9258 3 3 3 3 1258  509  758  1229  2126 
-0.10 -0.08 -0.04 -1.50 3.69 -2.19 0.1672 0.2393 0.2383 0.9263 3 3 3 3 1251  518  727  1254  2113 
0.01 -0.08 -0.04 -0.50 -0.31 -2.00 0.1673 0.2386 0.2383 0.9265 3 3 3 3 1262  406  738  1226  2161 
-0.05 0.00 -0.10 0.56 -2.62 -2.37 0.1682 0.2393 0.2385 0.9260 3 3 3 3 1229  168  672  1152  2129 
0.11 -0.04 -0.13 -0.25 -4.87 -1.44 0.1693 0.2408 0.2383 0.9255 3 3 3 3 1218  208  592  1232  2107 
0.17 -0.04 -0.21 0.37 -2.37 -0.56 0.1699 0.2424 0.2382 0.9250 3 3 3 3 1200  176  561  1196  2077 
0.14 -0.11 -0.20 0.00 -0.06 -0.88 0.1701 0.2427 0.2382 0.9249 3 3 3 3 1166  176  576  1186  2097 
0.11 -0.04 -0.15 -0.69 1.94 -1.50 0.1707 0.2424 0.2382 0.9249 3 3 3 3 1202  193  625  1213  2128 
0.01 -0.04 -0.08 -1.19 1.62 -1.25 0.1708 0.2410 0.2381 0.9252 3 3 3 3 1240  312  642  1231  2158 
0.03 -0.06 -0.08 -0.37 0.19 -0.56 0.1700 0.2405 0.2383 0.9255 3 3 3 3 1216  304  626  1232  2135 
0.02 -0.07 -0.09 0.00 -0.94 0.37 0.1696 0.2405 0.2383 0.9255 3 3 3 3 1200  425  649  1182  2115 
0.05 -0.08 -0.08 0.75 -1.25 1.12 0.1699 0.2417 0.2380 0.9252 3 3 3 3 1190  448  640  1155  2098 
-0.10 -0.03 -0.16 1.25 -1.81 1.00 0.1694 0.2427 0.2381 0.9250 3 3 3 3 1212  432  560  1141  2112 
0.07 -0.04 -0.12 0.94 -1.75 0.88 0.1693 0.2441 0.2379 0.9247 3 3 3 3 1241  424  578  1134  2130 
0.29 -0.21 -0.13 -0.62 -2.75 0.94 0.1692 0.2452 0.2379 0.9244 3 3 3 3 1226  430  616  1147  2112 
0.14 -0.08 -0.14 -0.69 -0.37 -0.19 0.1692 0.2457 0.2378 0.9244 3 3 3 3 1218  464  621  1142  2119 
0.07 -0.06 -0.13 -0.50 0.13 -0.37 0.1691 0.2457 0.2378 0.9244 3 3 3 3 1221  544  622  1148  2132 
0.03 -0.05 -0.13 0.13 0.31 -0.25 0.1691 0.2458 0.2378 0.9243 3 3 3 3 1207  490  656  1165  2101 
0.04 -0.02 -0.11 0.31 0.06 -0.06 0.1691 0.2459 0.2378 0.9243 3 3 3 3 1178  436  656  1152  2123 
0.06 -0.03 -0.09 0.00 -0.13 0.13 0.1690 0.2460 0.2378 0.9243 3 3 3 3 1200  480  576  1138  2147 
0.09 -0.04 -0.14 0.00 -0.50 0.00 0.1690 0.2462 0.2378 0.9243 3 3 3 3 1191  493  600  1152  2128 
0.08 -0.05 -0.11 -0.13 -0.06 -0.37 0.1689 0.2463 0.2377 0.9243 3 3 3 3 1230  586  600  1168  2129 
0.07 -0.07 -0.13 -0.31 0.44 -0.56 0.1689 0.2464 0.2377 0.9243 3 3 3 3 1235  632  610  1173  2128 
0.03 -0.02 -0.14 -1.94 0.13 -0.69 0.1693 0.2463 0.2373 0.9243 3 3 3 3 1232  598  624  1169  2128 
0.06 -0.03 -0.13 -1.87 0.25 -0.56 0.1696 0.2462 0.2363 0.9246 3 3 3 3 1152  560  613  1136  2109 
0.03 -0.06 -0.08 -0.50 0.75 -0.56 0.1698 0.2458 0.2360 0.9247 3 3 3 3 1166  576  624  1109  2128 
0.02 -0.07 -0.10 0.25 0.94 -0.50 0.1698 0.2455 0.2361 0.9247 3 3 3 3 1168  539  624  1109  2128 
0.06 -0.02 -0.11 0.94 1.62 -0.81 0.1699 0.2451 0.2365 0.9247 3 3 3 3 1146  596  554  1158  2119 
0.04 -0.04 -0.09 0.44 1.56 -0.88 0.1700 0.2446 0.2368 0.9248 3 3 3 3 1136  592  600  1183  2110 
0.05 -0.05 -0.09 0.13 1.00 -0.75 0.1701 0.2440 0.2370 0.9249 3 3 3 3 1147  599  605  1160  2113 
0.01 -0.03 -0.10 0.06 0.50 -0.50 0.1701 0.2438 0.2371 0.9249 3 3 3 3 1145  567  508  1200  2096 
0.04 -0.02 -0.13 0.13 -0.37 0.13 0.1701 0.2438 0.2371 0.9249 3 3 3 3 1180  563  496  1190  2112 
0.08 -0.05 -0.13 0.00 -0.62 0.06 0.1701 0.2441 0.2371 0.9248 3 3 3 3 1162  586  496  1218  2117 
0.04 -0.04 -0.15 0.25 -0.94 0.06 0.1702 0.2444 0.2370 0.9247 3 3 3 3 1162  652  556  1256  2123 
0.09 -0.02 -0.15 0.06 -0.13 -0.13 0.1702 0.2445 0.2370 0.9247 3 3 3 3 1165  716  602  1243  2113 
0.08 -0.04 -0.11 -0.06 0.37 -0.25 0.1702 0.2445 0.2370 0.9247 3 3 3 3 1145  646  595  1243  2071 
0.06 -0.02 -0.13 -0.19 0.50 -0.56 0.1702 0.2444 0.2370 0.9247 3 3 3 3 1160  612  618  1238  2086 
0.07 -0.02 -0.14 -0.25 0.56 -0.50 0.1702 0.2444 0.2370 0.9247 3 3 3 3 1171  640  616  1258  2103 
0.04 -0.04 -0.14 0.06 0.44 -0.25 0.1702 0.2443 0.2371 0.9247 3 3 3 3 1186  624  587  1284  2113 
0.06 -0.02 -0.15 0.06 -0.19 -0.06 0.1702 0.2443 0.2371 0.9247 3 3 3 3 1167  658  576  1289  2101 
0.07 -0.06 -0.13 -0.13 0.06 -0.13 0.1702 0.2443 0.2371 0.9247 3 3 3 3 1157  716  577  1280  2111 
0.06 -0.02 -0.14 -0.13 0.25 -0.44 0.1702 0.2443 0.2371 0.9247 3 3 3 3 1157  677  584  1287  2096 
0.05 -0.02 -0.14 -0.13 0.50 -0.44 0.1702 0.2443 0.2371 0.9247 3 3 3 3 1152  656  617  1293  2095 
0.05 -0.04 -0.11 -0.13 0.13 -0.25 0.1702 0.2443 0.2371 0.9247 3 3 3 3 1172  642  624  1274  2097 
0.04 -0.05 -0.14 0.06 0.00 -0.06 0.1702 0.2443 0.2371 0.9247 3 3 3 3 1197  640  621  1285  2129 
0.07 -0.02 -0.15 0.00 -0.19 -0.13 0.1702 0.2443 0.2371 0.9247 3 3 3 3 1169  668  624  1298  2111 
0.07 -0.03 -0.17 -0.13 -0.25 -0.13 0.1702 0.2443 0.2371 0.9247 3 3 3 3 1169  704  597  1303  2107 
0.04 -0.04 -0.16 0.00 0.13 0.00 0.1702 0.2443 0.2371 0.9247 3 3 3 3 1168  726  592  1314  2109 
0.05 -0.01 -0.10 0.31 -0.19 0.25 0.1702 0.2443 0.2371 0.9247 3 3 3 3 1156  648  592  1312  2085 
0.05 -0.02 -0.12 0.25 -1.69 1.06 0.1700 0.2446 0.2369 0.9247 3 3 3 3 1187  704  592  1306  2117 
0.11 -0.02 -0.14 0.94 -2.50 1.44 0.1696 0.2458 0.2368 0.9245 3 3 3 3 1184  670  589  1296  2109 
0.07 -0.03 -0.13 1.44 -2.19 1.37 0.1692 0.2470 0.2370 0.9243 3 3 3 3 1170  690  576  1290  2105 
0.15 -0.05 -0.19 0.81 -0.44 0.25 0.1689 0.2479 0.2372 0.9240 3 3 3 3 1168  710  606  1302  2105 
0.11 -0.03 -0.16 0.19 1.69 -0.88 0.1689 0.2478 0.2374 0.9240 3 3 3 3 1147  628  588  1273  2068 
0.04 0.02 -0.16 -0.19 1.94 -1.06 0.1691 0.2471 0.2377 0.9240 3 3 3 3 1139  608  586  1264  1991 
0.07 -0.05 -0.13 -0.44 1.31 -0.94 0.1693 0.2464 0.2379 0.9241 3 3 3 3 1139  612  449  1201  1987 
0.07 -0.05 -0.14 -0.50 1.37 -0.62 0.1694 0.2458 0.2381 0.9242 3 3 3 3 1142  601  509  1168  1998 
0.07 -0.03 -0.13 -0.62 1.25 -0.88 0.1695 0.2454 0.2382 0.9243 3 3 3 3 1096  680  623  1207  2002 
0.05 -0.03 -0.09 -0.50 0.44 -0.94 0.1699 0.2449 0.2382 0.9243 3 3 3 3 1108  755  694  1222  2000 
0.07 -0.04 -0.12 -0.06 -0.56 0.00 0.1699 0.2450 0.2383 0.9243 3 3 3 3 1104  745  794  1232  1984 
0.09 -0.04 -0.14 0.00 -0.69 0.00 0.1699 0.2454 0.2382 0.9242 3 3 3 3 1141  745  804  1232  2046 
0.09 -0.02 -0.16 0.06 -0.37 -0.06 0.1698 0.2457 0.2382 0.9241 3 3 3 3 1168  730  820  1232  2106 
0.08 -0.04 -0.16 0.00 -0.06 -0.19 0.1698 0.2458 0.2382 0.9241 3 3 3 3 1154  741  817  1248  2093 
0.10 -0.06 -0.13 0.00 -0.44 0.19 0.1697 0.2460 0.2382 0.9241 3 3 3 3 1158  848  817  1232  2080 
0.06 -0.05 -0.12 0.19 -0.62 0.31 0.1697 0.2462 0.2382 0.9240 3 3 3 3 1200  896  841  1267  2087 
0.09 -0.06 -0.12 0.00 -0.37 0.19 0.1697 0.2465 0.2382 0.9240 3 3 3 3 1191  795  832  1300  2110 
0.12 -0.07 -0.13 0.06 -0.62 -0.19 0.1697 0.2467 0.2382 0.9240 3 3 3 3 1264  769  810  1319  2162 
0.09 -0.01 -0.16 0.13 0.13 -0.37 0.1696 0.2469 0.2382 0.9239 3 3 3 3 1276  802  802  1346  2155 
0.10 -0.03 -0.13 -0.25 0.50 -0.19 0.1696 0.2470 0.2382 0.9238 3 3 3 3 1275  801  800  1344  2158 
-0.01 -0.01 -0.01 -0.06 -0.06 -0.06 -0.0001 -0.0001 -0.0001 -0.0001 3 3 3 3 1250  875  788  1341  2128 
-0.01 -0.01 -0.01 -0.06 -0.06 -0.06 -0.0001 -0.0001 -0.0001 -0.0001 3 3 3 3 1230  880  793  1336  2138 
-0.01 -0.01 -0.01 -0.06 -0.06 -0.06 -0.0001 -0.0001 -0.0001 -0.0001 3 3 3 3 1226  888  789  1344  2131 
-0.01 -0.01 -0.01 -0.06 -0.06 -0.06 -0.0001 -0.0001 -0.0001 -0.0001 3 3 3 3 1207  864  789  1348  2114 
-0.01 -0.01 -0.01 -0.06 -0.06 -0.06 -0.0001 -0.0001 -0.0001 -0.0001 3 3 3 3 1269  794  820  1356  2163 
-0.01 -0.01 -0.01 -0.06 -0.06 -0.06 -0.0001 -0.0001 -0.0001 -0.0001 3 3 3 3 1249  907  800  1359  2144 
-0.01 -0.01 -0.01 -0.06 -0.06 -0.06 -0.0001 -0.0001 -0.0001 -0.0001 3 3 3 3 1262  837  805  1357  2156 
-0.01 -0.01 -0.01 -0.06 -0.06 -0.06 -0.0001 -0.0001 -0.0001 -0.0001 3 3 3 3 1254  929  832  1348  2147 
-0.01 -0.01 -0.01 -0.06 -0.06 -0.06 -0.0001 -0.0001 -0.0001 -0.0001 3 3 3 3 1225  883  818  1360  2129 
-0.01 -0.01 -0.01 -0.06 -0.06 -0.06 -0.0001 -0.0001 -0.0001 -0.0001 3 3 3 3 1282  876  838  1360  2167 
-0.01 -0.01 -0.01 -0.06 -0.06 -0.06 -0.0001 -0.0001 -0.0001 -0.0001 3 3 3 3 1264  950  866  1360  2149 
-0.01 -0.01 -0.01 -0.06 -0.06 -0.06 -0.0001 -0.0001 -0.0001 -0.0001 3 3 3 3 1274  886  876  1351  2155 
-0.01 -0.01 -0.01 -0.06 -0.06 -0.06 -0.0001 -0.0001 -0.0001 -0.0001 3 3 3 3 1271  928  880  1345  2157 
-0.01 -0.01 -0.01 -0.06 -0.06 -0.06 -0.0001 -0.0001 -0.0001 -0.0001 3 3 3 3 1253  922  873  1365  2128 
-0.01 -0.01 -0.01 -0.06 -0.06 -0.06 -0.0001 -0.0001 -0.0001 -0.0001 3 3 3 3 1295  912  880  1337  2167 
-0.01 -0.01 -0.01 -0.06 -0.06 -0.06 -0.0001 -0.0001 -0.0001 -0.0001 3 3 3 3 1274  1009  832  1332  2160 
-0.01 -0.01 -0.01 -0.06 -0.06 -0.06 -0.0001 -0.0001 -0.0001 -0.0001 3 3 3 3 1314  912  844  1344  2160 
-0.01 -0.01 -0.01 -0.06 -0.06 -0.06 -0.0001 -0.0001 -0.0001 -0.0001 3 3 3 3 1306  939  790  1301  2151 
-0.01 -0.01 -0.01 -0.06 -0.06 -0.06 -0.0001 -0.0001 -0.0001 -0.0001 3 3 3 3 1280  963  798  1280  2133 
-0.01 -0.01 -0.01 -0.06 -0.06 -0.06 -0.0001 -0.0001 -0.0001 -0.0001 3 3 3 3 1325  948  817  1268  2175 
-0.01 -0.01 -0.01 -0.06 -0.06 -0.06 -0.0001 -0.0001 -0.0001 -0.0001 3 3 3 3 1306  1030  861  1248  2156 
-0.01 -0.01 -0.01 -0.06 -0.06 -0.06 -0.0001 -0.0001 -0.0001 -0.0001 3 3 3 3 1317  982  819  1234  2159 
-0.01 -0.01 -0.01 -0.06 -0.06 -0.06 -0.0001 -0.0001 -0.0001 -0.0001 3 3 3 3 1316  1008  832  1232  2149 
-0.01 -0.01 -0.01 -0.06 -0.06 -0.06 -0.0001 -0.0001 -0.0001 -0.0001 3 3 3 3 1296  1002  817  1232  2124 
-0.01 -0.01 -0.01 -0.06 -0.06 -0.06 -0.0001 -0.0001 -0.0001 -0.0001 3 3 3 3 1332  1013  848  1199  2165 
-0.01 -0.01 -0.01 -0.06 -0.06 -0.06 -0.0001 -0.0001 -0.0001 -0.0001 3 3 3 3 1322  1105  866  1210  2147 
-0.01 -0.01 -0.01 -0.06 -0.06 -0.06 -0.0001 -0.0001 -0.0001 -0.0001 3 3 3 3 1328  1043  877  1200  2157 
-0.01 -0.01 -0.01 -0.06 -0.06 -0.06 -0.0001 -0.0001 -0.0001 -0.0001 3 3 3 3 1321  1110  888  1186  2151 
-0.01 -0.01 -0.01 -0.06 -0.06 -0.06 -0.0001 -0.0001 -0.0001 -0.0001 3 3 3 3 1296  1078  834  1202  2131 
-0.01 -0.01 -0.01 -0.06 -0.06 -0.06 -0.0001 -0.0001 -0.0001 -0.0001 3 3 3 3 1339  1072  848  1226  2167 
-0.01 -0.01 -0.01 -0.06 -0.06 -0.06 -0.0001 -0.0001 -0.0001 -0.0001 3 3 3 3 1322  1142  858  1252  2154 
-0.01 -0.01 -0.01 -0.06 -0.06 -0.06 -0.0001 -0.0001 -0.0001 -0.0001 3 3 3 3 1336  1097  875  1253  2163 
-0.01 -0.01 -0.01 -0.06 -0.06 -0.06 -0.0001 -0.0001 -0.0001 -0.0001 3 3 3 3 1328  1117  865  1261  2155 
-0.01 -0.01 -0.01 -0.06 -0.06 -0.06 -0.0001 -0.0001 -0.0001 -0.0001 3 3 3 3 1314  1104  880  1266  2129 
-0.01 -0.01 -0.01 -0.06 -0.06 -0.06 -0.0001 -0.0001 -0.0001 -0.0001 3 3 3 3 1333  1095  891  1260  2167 
-0.01 -0.01 -0.01 -0.06 -0.06 -0.06 -0.0001 -0.0001 -0.0001 -0.0001 3 3 3 3 1328  1115  837  1258  2145 
-0.01 -0.01 -0.01 -0.06 -0.06 -0.06 -0.0001 -0.0001 -0.0001 -0.0001 3 3 3 3 1329  1056  826  1262  2145 
-0.01 -0.01 -0.01 -0.06 -0.06 -0.06 -0.0001 -0.0001 -0.0001 -0.0001 3 3 3 3 1336  1091  877  1232  2147 
-0.01 -0.01 -0.01 -0.06 -0.06 -0.06 -0.0001 -0.0001 -0.0001 -0.0001 3 3 3 3 1312  1105  848  1232  2128 
-0.01 -0.01 -0.01 -0.06 -0.06 -0.06 -0.0001 -0.0001 -0.0001 -0.0001 3 3 3 3 1353  1072  848  1211  2139 
-0.01 -0.01 -0.01 -0.06 -0.06 -0.06 -0.0001 -0.0001 -0.0001 -0.0001 3 3 3 3 1335  1193  853  1230  2123 
-0.01 -0.01 -0.01 -0.06 -0.06 -0.06 -0.0001 -0.0001 -0.0001 -0.0001 3 3 3 3 1347  1114  883  1118  2127 
-0.01 -0.01 -0.01 -0.06 -0.06 -0.06 -0.0001 -0.0001 -0.0001 -0.0001 3 3 3 3 1342  1152  891  1138  2126 
-0.01 -0.01 -0.01 -0.06 -0.06 -0.06 -0.0001 -0.0001 -0.0001 -0.0001 3 3 3 3 1321  1237  943  1136  2113 
-0.01 -0.01 -0.01 -0.06 -0.06 -0.06 -0.0001 -0.0001 -0.0001 -0.0001 3 3 3 3 1362  1210  976  1138  2154 
-0.01 -0.01 -0.01 -0.06 -0.06 -0.06 -0.0001 -0.0001 -0.0001 -0.0001 3 3 3 3 1356  1360  976  1117  2121 
-0.01 -0.01 -0.01 -0.06 -0.06 -0.06 -0.0001 -0.0001 -0.0001 -0.0001 3 3 3 3 1374  1353  998  1152  2121 
-0.01 -0.01 -0.01 -0.06 -0.06 -0.06 -0.0001 -0.0001 -0.0001 -0.0001 3 3 3 3 1382  1398  992  1137  2112 
-0.01 -0.01 -0.01 -0.06 -0.06 -0.06 -0.0001 -0.0001 -0.0001 -0.0001 3 3 3 3 1360  1419  953  1145  2084 
-0.01 -0.01 -0.01 -0.06 -0.06 -0.06 -0.0001 -0.0001 -0.0001 -0.0001 3 3 3 3 1382  1421  990  1136  2117 
-0.01 -0.01 -0.01 -0.06 -0.06 -0.06 -0.0001 -0.0001 -0.0001 -0.0001 3 3 3 3 1377  1533  1013  1129  2102 
-0.01 -0.01 -0.01 -0.06 -0.06 -0.06 -0.0001 -0.0001 -0.0001 -0.0001 3 3 3 3 1424  1491  1034  1109  2114 
-0.01 -0.01 -0.01 -0.06 -0.06 -0.06 -0.0001 -0.0001 -0.0001 -0.0001 3 3 3 3 1402  1514  1042  1094  2111 
-0.01 -0.01 -0.01 -0.06 -0.06 -0.06 -0.0001 -0.0001 -0.0001 -0.0001 3 3 3 3 1390  1510  1045  1101  2095 
-0.01 -0.01 -0.01 -0.06 -0.06 -0.06 -0.0001 -0.0001 -0.0001 -0.0001 3 3 3 3 1417  1496  1077  1136  2146 
-0.01 -0.01 -0.01 -0.06 -0.06 -0.06 -0.0001 -0.0001 -0.0001 -0.0001 3 3 3 3 1424  1535  1081  1194  2145 
-0.01 -0.01 -0.01 -0.06 -0.06 -0.06 -0.0001 -0.0001 -0.0001 -0.0001 3 3 3 3 1431  1497  1120  1163  2156 
-0.01 -0.01 -0.01 -0.06 -0.06 -0.06 -0.0001 -0.0001 -0.0001 -0.0001 3 3 3 3 1428  1516  1104  1182  2143 
-0.01 -0.01 -0.01 -0.06 -0.06 -0.06 -0.0001 -0.0001 -0.0001 -0.0001 3 3 3 3 1424  1516  1101  1166  2127 
-0.01 -0.01 -0.01 -0.06 -0.06 -0.06 -0.0001 -0.0001 -0.0001 -0.0001 3 3 3 3 1456  1493  1109  1152  2160 
-0.01 -0.01 -0.01 -0.06 -0.06 -0.06 -0.0001 -0.0001 -0.0001 -0.0001 3 3 3 3 1453  1565  1112  1136  2145 
-0.01 -0.01 -0.01 -0.06 -0.06 -0.06 -0.0001 -0.0001 -0.0001 -0.0001 3 3 3 3 1456  1510  1121  1109  2157 
-0.01 -0.01 -0.01 -0.06 -0.06 -0.06 -0.0001 -0.0001 -0.0001 -0.0001 3 3 3 3 1454  1535  1136  1088  2142 
-0.01 -0.01 -0.01 -0.06 -0.06 -0.06 -0.0001 -0.0001 -0.0001 -0.0001 3 3 3 3 1450  1474  1131  1098  2135 
-0.01 -0.01 -0.01 -0.06 -0.06 -0.06 -0.0001 -0.0001 -0.0001 -0.0001 3 3 3 3 1481  1446  1153  1108  2169 
-0.01 -0.01 -0.01 -0.06 -0.06 -0.06 -0.0001 -0.0001 -0.0001 -0.0001 3 3 3 3 1467  1535  1160  1136  2151 
-0.01 -0.01 -0.01 -0.06 -0.06 -0.06 -0.0001 -0.0001 -0.0001 -0.0001 3 3 3 3 1472  1514  1168  1141  2159 
-0.01 -0.01 -0.01 -0.06 -0.06 -0.06 -0.0001 -0.0001 -0.0001 -0.0001 3 3 3 3 1472  1534  1167  1140  2160 
-0.01 -0.01 -0.01 -0.06 -0.06 -0.06 -0.0001 -0.0001 -0.0001 -0.0001 3 3 3 3 1456  1522  1154  1154  2149 
-0.01 -0.01 -0.01 -0.06 -0.06 -0.06 -0.0001 -0.0001 -0.0001 -0.0001 3 3 3 3 1477  1497  1167  1136  2182 
-0.01 -0.01 -0.01 -0.06 -0.06 -0.06 -0.0001 -0.0001 -0.0001 -0.0001 3 3 3 3 1463  1573  1153  1107  2163 
-0.01 -0.01 -0.01 -0.06 -0.06 -0.06 -0.0001 -0.0001 -0.0001 -0.0001 3 3 3 3 1473  1535  1158  1077  2164 
-0.01 -0.01 -0.01 -0.06 -0.06 -0.06 -0.0001 -0.0001 -0.0001 -0.0001 3 3 3 3 1484  1568  1152  1102  2163 
-0.01 -0.01 -0.01 -0.06 -0.06 -0.06 -0.0001 -0.0001 -0.0001 -0.0001 3 3 3 3 1470  1535  1152  1088  2146 
-0.01 -0.01 -0.01 -0.06 -0.06 -0.06 -0.0001 -0.0001 -0.0001 -0.0001 3 3 3 3 1498  1525  1145  1164  2175 
-0.01 -0.01 -0.01 -0.06 -0.06 -0.06 -0.0001 -0.0001 -0.0001 -0.0001 3 3 3 3 1477  1599  1124  1109  2158 
-0.01 -0.01 -0.01 -0.06 -0.06 -0.06 -0.0001 -0.0001 -0.0001 -0.0001 3 3 3 3 1483  1535  1140  1154  2161 
-0.01 -0.01 -0.01 -0.06 -0.06 -0.06 -0.0001 -0.0001 -0.0001 -0.0001 3 3 3 3 1488  1584  1139  1137  2151 
-0.01 -0.01 -0.01 -0.06 -0.06 -0.06 -0.0001 -0.0001 -0.0001 -0.0001 3 3 3 3 1486  1601  1131  1104  2128 
0.06 -0.06 -0.11 0.06 0.31 -0.19 0.1674 0.2460 0.2393 0.9242 3 3 3 3 1523  1614  1153  1053  2128 
-0.01 -0.01 -0.01 -0.06 -0.06 -0.06 -0.0001 -0.0001 -0.0001 -0.0001 3 3 3 3 1525  1616  1163  1056  2137 
0.07 -0.06 -0.12 0.00 0.31 -0.13 0.1674 0.2460 0.2393 0.9242 3 3 3 3 1526  1664  1168  1043  2146 
0.06 -0.04 -0.14 0.00 0.25 -0.06 0.1674 0.2460 0.2393 0.9242 3 3 3 3 1520  1655  1154  1060  2143 
0.07 -0.05 -0.16 0.00 0.31 -0.13 0.1674 0.2460 0.2393 0.9242 3 3 3 3 1521  1645  1118  1072  2132 
0.06 -0.04 -0.09 0.00 0.37 0.00 0.1674 0.2460 0.2393 0.9242 3 3 3 3 1555  1634  1122 ets Jun  8 2016 00:22:57

rst:0x1 (POWERON_RESET),boot:0x13 (SPI_FAST_FLASH_BOOT)
configsip: 0, SPIWP:0xee
clk_drv:0x00,q_drv:0x00,d_drv:0x00,cs0_drv:0x00,hd_drv:0x00,wp_drv:0x00
mode:DIO, clock div:1
load:0x3fff0018,len:4
load:0x3fff001c,len:1044
load:0x40078000,len:8896
load:0x40080400,len:5816
entry 0x400806ac
Orientation Sensor Test

-0.32 -0.39 -0.68 0.06 -0.13 -0.06 0.9437 0.2529 -0.2133 0.0002 0 0 0 0 1706  1686  1136  1271  2226 
-0.34 -0.36 -0.67 -0.13 0.88 -0.31 0.9437 0.2529 -0.2132 0.0002 0 0 0 0 1692  1664  1154  1280  2211 
-0.37 -0.40 -0.65 -0.25 0.62 -0.13 0.9438 0.2529 -0.2130 0.0002 0 0 0 0 1683  1718  1152  1265  2203 
-0.36 -0.39 -0.67 -0.06 0.13 0.13 0.9438 0.2529 -0.2129 0.0003 0 0 0 0 1686  1715  1168  1256  2201 
-0.05 -0.01 -0.03 -0.13 -0.25 0.31 0.9438 0.2529 -0.2129 0.0003 0 0 1 0 1673  1680  1167  1249  2186 
-0.01 -0.02 -0.01 0.06 -0.44 0.13 0.9438 0.2529 -0.2129 0.0003 0 0 1 0 1694  1682  1184  1259  2207 
-0.01 0.00 -0.04 -0.19 0.06 0.19 0.9438 0.2529 -0.2129 0.0003 0 0 1 0 1710  1682  1179  1238  2229 
0.00 0.00 -0.06 0.00 0.06 -0.19 0.9438 0.2529 -0.2129 0.0003 0 0 1 0 1712  1686  1187  1225  2228 
-0.01 -0.01 -0.04 -0.19 0.31 -0.13 0.9438 0.2529 -0.2129 0.0003 0 0 1 0 1691  1680  1184  1210  2207 
-0.03 -0.02 -0.02 -0.19 0.37 -0.06 0.9438 0.2529 -0.2129 0.0003 0 0 1 0 1693  1735  1181  1207  2211 
-0.03 -0.01 -0.06 -0.13 0.00 0.06 0.9438 0.2529 -0.2129 0.0003 0 0 1 0 1689  1744  1200  1227  2218 
-0.02 0.00 -0.01 -0.06 0.19 0.06 0.9438 0.2529 -0.2129 0.0003 0 0 1 0 1676  1707  1202  1227  2198 
-0.01 0.00 -0.03 0.06 -0.13 0.13 0.9438 0.2529 -0.2129 0.0003 0 0 1 0 1697  1700  1206  1232  2221 
-0.01 -0.01 -0.04 -0.13 0.31 0.13 0.9438 0.2529 -0.2129 0.0003 0 0 1 0 1719  1702  1216  1231  2229 
-0.01 0.00 -0.06 0.06 -0.13 0.06 0.9438 0.2529 -0.2129 0.0003 0 0 1 0 1705  1687  1209  1232  2207 
0.00 0.00 -0.06 -0.06 -0.06 0.00 0.9438 0.2529 -0.2129 0.0003 0 0 1 0 1698  1728  1205  1222  2192 
-0.02 0.04 -0.07 0.19 0.06 0.06 0.9438 0.2529 -0.2129 0.0003 0 3 1 0 1696  1728  1200  1216  2171 
-0.03 0.00 -0.04 0.06 0.13 0.19 0.9438 0.2529 -0.2129 0.0003 0 3 1 0 1680  1709  1176  1207  2159 
-0.02 0.00 -0.06 0.19 0.00 0.19 0.9438 0.2529 -0.2129 0.0003 0 3 1 0 1695  1705  1184  1208  2166 
-0.01 -0.01 -0.02 -0.06 0.37 -0.06 0.9438 0.2529 -0.2129 0.0003 0 3 1 0 1707  1693  1184  1214  2192 
0.00 -0.02 -0.01 0.13 0.31 -0.13 0.9438 0.2529 -0.2129 0.0003 0 3 1 0 1719  1680  1182  1214  2222 
-0.05 0.00 -0.06 -0.13 0.13 -0.19 0.9438 0.2529 -0.2129 0.0003 0 3 1 0 1699  1669  1186  1217  2185 
-0.01 -0.01 -0.03 -0.19 -0.88 -0.13 0.9438 0.2529 -0.2130 0.0002 0 3 1 0 1705  1696  1198  1226  2195 
-0.01 0.00 -0.05 -0.75 -0.06 -0.31 0.9438 0.2527 -0.2131 0.0002 0 3 1 0 1709  1687  1174  1232  2190 
-0.03 -0.02 -0.02 -0.88 0.44 -0.50 0.9439 0.2523 -0.2131 0.0000 0 3 1 0 1689  1635  1155  1227  2144 
0.00 0.02 -0.06 -0.56 0.81 -0.62 0.9440 0.2520 -0.2129 -0.0002 0 3 1 0 1674  1637  1153  1232  2133 
0.00 -0.01 -0.03 -0.37 0.75 -0.56 0.9441 0.2521 -0.2124 -0.0002 0 3 1 0 1626  1648  1088  1206  2066 
-0.04 -0.01 0.00 -0.37 1.06 -0.25 0.9442 0.2521 -0.2119 -0.0002 0 3 1 0 1556  1614  993  1158  1937 
-0.03 0.00 -0.04 -0.06 0.75 -0.13 0.9443 0.2521 -0.2115 -0.0001 0 3 1 0 1535  1584  977  1152  1921 
-0.04 -0.01 -0.03 -0.13 0.69 -0.19 0.9443 0.2521 -0.2113 0.0000 0 3 1 0 1533  1648  984  1136  1939 
-0.02 0.00 -0.04 0.19 -1.00 0.31 0.9443 0.2521 -0.2114 0.0000 0 3 1 0 1520  1635  989  1149  1923 
0.01 -0.02 -0.04 0.37 -1.25 0.56 0.9442 0.2521 -0.2120 -0.0001 0 3 1 0 1532  1616  1008  1152  1921 
-0.02 -0.03 -0.04 0.31 -0.44 0.31 0.9442 0.2521 -0.2123 -0.0002 0 3 1 0 1582  1630  1064  1168  2015 
0.04 0.01 0.00 0.44 -0.25 0.56 0.9441 0.2521 -0.2125 -0.0002 0 3 1 0 1632  1625  1089  1188  2032 
-0.03 0.00 -0.04 0.56 -0.31 0.50 0.9440 0.2523 -0.2128 -0.0001 0 3 1 0 1616  1603  1088  1198  2001 
0.07 -0.03 -0.07 0.06 0.25 0.31 0.9440 0.2523 -0.2128 -0.0001 0 3 1 0 1611  1621  1086  1209  1977 
-0.01 -0.01 -0.07 0.25 2.44 -0.69 0.9441 0.2523 -0.2123 -0.0001 0 3 1 0 1604  1601  1086  1217  1987 
-0.02 -0.02 -0.09 0.00 3.00 -1.62 0.9443 0.2524 -0.2109 -0.0004 0 3 1 0 1597  1364  1102  1223  2071 
-0.05 0.02 -0.03 1.06 -0.81 -2.25 0.9444 0.2527 -0.2104 -0.0010 0 3 1 0 1687  1603  1177  1214  2115 
-0.01 0.00 -0.06 1.06 -2.19 -1.75 0.9441 0.2531 -0.2112 -0.0022 0 3 1 0 1728  1855  1264  1238  2159 
0.03 0.00 -0.04 0.19 -1.44 -0.25 0.9439 0.2532 -0.2119 -0.0027 0 3 1 0 1713  1926  1264  1249  2152 
-0.01 -0.01 -0.07 -0.06 -0.56 0.44 0.9439 0.2532 -0.2120 -0.0027 0 3 1 0 1714  2185  1346  1291  2153 
0.03 0.00 -0.08 0.00 -0.62 -0.44 0.9438 0.2533 -0.2125 -0.0029 0 3 1 0 1718  2303  1404  1302  2151 
0.00 0.00 -0.07 -0.31 0.19 -0.31 0.9438 0.2533 -0.2125 -0.0029 0 3 1 0 1712  2083  1371  1283  2151 
0.00 0.01 -0.06 -0.56 2.06 0.62 0.9439 0.2533 -0.2119 -0.0027 0 3 1 0 1694  1522  1133  1253  2116 
-0.01 0.01 -0.03 -1.12 2.87 1.19 0.9443 0.2526 -0.2107 -0.0020 0 3 1 0 1698  1410  1152  1201  2107 
0.03 -0.01 -0.10 -1.19 2.62 0.69 0.9448 0.2520 -0.2094 -0.0013 0 3 1 0 1697  1417  1130  1189  2078 
-0.01 0.02 -0.03 -0.69 2.06 0.06 0.9451 0.2518 -0.2085 -0.0011 0 3 1 0 1669  1412  1084  1174  2027 
0.01 -0.05 -0.04 -0.69 1.12 0.06 0.9453 0.2516 -0.2078 -0.0010 0 3 1 0 1671  1521  1089  1198  2031 
-0.01 -0.01 -0.06 -0.37 0.25 0.06 0.9454 0.2515 -0.2075 -0.0009 0 3 1 0 1638  1484  1089  1202  2021 
0.01 -0.02 -0.04 -0.06 0.62 -0.13 0.9454 0.2515 -0.2074 -0.0009 0 3 1 0 1602  1480  1104  1204  2015 
0.00 -0.04 -0.05 -0.13 0.37 -0.13 0.9454 0.2515 -0.2074 -0.0009 0 3 1 0 1630  1460  1128  1200  2037 
0.00 0.00 -0.07 0.00 0.37 -0.25 0.9454 0.2515 -0.2073 -0.0009 0 3 1 0 1639  1525  1091  1204  2045 
-0.01 -0.04 -0.04 -0.06 0.56 -0.37 0.9454 0.2515 -0.2073 -0.0009 0 3 1 0 1637  1518  1076  1211  2043 
-0.01 0.00 -0.02 -0.06 0.13 -0.13 0.9454 0.2515 -0.2073 -0.0009 0 3 1 0 1622  1561  1077  1202  2031 
0.00 -0.01 -0.01 0.00 0.13 0.06 0.9454 0.2515 -0.2073 -0.0009 0 3 1 0 1618  1616  1088  1200  2037 
0.02 0.00 -0.04 -0.06 0.37 -0.06 0.9454 0.2515 -0.2073 -0.0009 0 3 1 0 1619  1623  1085  1214  2033 
-0.01 -0.05 -0.01 -0.06 0.13 -0.19 0.9454 0.2515 -0.2073 -0.0009 0 3 1 0 1607  1568  1085  1212  2013 
-0.01 -0.02 -0.04 -0.13 0.31 -0.13 0.9454 0.2515 -0.2073 -0.0009 0 3 1 0 1600  1584  1095  1207  2035 
0.02 0.00 -0.04 -0.13 0.00 0.00 0.9454 0.2515 -0.2073 -0.0009 0 3 1 0 1630  1593  1092  1212  2064 
0.02 -0.01 -0.06 -0.31 0.00 -0.06 0.9454 0.2515 -0.2072 -0.0008 0 3 1 0 1635  1616  1107  1253  2092 
0.00 -0.03 -0.04 -0.25 -0.06 -0.06 0.9454 0.2515 -0.2072 -0.0008 0 3 1 0 1611  1607  1124  1260  2095 
0.00 -0.01 -0.01 0.13 0.25 0.13 0.9454 0.2515 -0.2072 -0.0008 0 3 1 0 1625  1670  1090  1274  2090 
-0.02 -0.04 -0.04 0.13 -0.37 0.25 0.9454 0.2515 -0.2072 -0.0008 0 3 1 0 1621  1677  1097  1275  2086 
0.00 -0.03 -0.06 0.19 -0.19 0.00 0.9454 0.2515 -0.2073 -0.0009 0 3 1 0 1609  1627  1096  1286  2070 
0.00 0.00 -0.03 0.25 0.19 -0.06 0.9454 0.2515 -0.2073 -0.0009 0 3 1 0 1616  1623  1104  1269  2106 
0.03 -0.02 -0.03 0.37 -0.44 -0.06 0.9454 0.2515 -0.2073 -0.0009 0 3 1 0 1634  1617  1121  1270  2113 
0.02 -0.04 -0.04 0.06 -0.44 -0.25 0.9454 0.2515 -0.2073 -0.0009 0 3 1 0 1642  1603  1146  1275  2128 
-0.01 0.00 -0.06 0.25 0.25 -0.19 0.9454 0.2515 -0.2073 -0.0009 0 3 1 0 1629  1585  1121  1287  2111 
0.00 0.00 -0.04 0.19 0.19 -0.06 0.9454 0.2515 -0.2073 -0.0009 0 3 1 0 1613  1637  1109  1289  2091 
0.00 0.00 -0.02 0.00 -0.25 0.19 0.9454 0.2515 -0.2073 -0.0009 0 3 1 0 1584  1614  1042  1265  2023 
0.00 -0.02 -0.05 0.25 0.06 0.56 0.9454 0.2515 -0.2073 -0.0008 0 3 1 0 1520  1520  977  1088  1923 
-0.02 0.01 0.01 0.25 0.06 0.75 0.9454 0.2514 -0.2073 -0.0005 0 3 1 0 1452  1259  827  1072  1836 
0.00 -0.05 -0.05 -0.31 0.25 0.00 0.9454 0.2514 -0.2073 -0.0005 0 3 1 0 1313  1072  648  1042  1798 
0.10 0.03 -0.08 -0.19 -0.25 -0.13 0.9454 0.2514 -0.2072 -0.0005 0 3 1 0 1107  826  605  897  1811 
-0.02 0.00 -0.02 0.13 1.00 -0.13 0.9455 0.2514 -0.2070 -0.0005 0 3 1 0 1057  778  506  940  1808 
-0.02 -0.05 -0.03 -0.31 0.31 0.13 0.9455 0.2514 -0.2069 -0.0004 0 3 1 0 1010  816  522  970  1804 
-0.01 -0.02 0.01 0.06 0.25 0.19 0.9455 0.2514 -0.2069 -0.0004 0 3 1 0 985  834  486  993  1814 
-0.01 -0.01 -0.02 0.00 0.06 0.37 0.9455 0.2514 -0.2069 -0.0004 0 3 1 0 968  757  485  1012  1810 
-0.01 -0.02 -0.01 -0.19 0.06 0.19 0.9455 0.2514 -0.2069 -0.0004 0 3 1 0 962  781  496  1034  1820 
0.00 -0.02 -0.02 -0.25 -0.19 -0.06 0.9455 0.2514 -0.2069 -0.0004 0 3 1 0 1005  742  501  1035  1883 
0.00 -0.01 -0.05 -0.06 0.13 -0.06 0.9455 0.2514 -0.2069 -0.0004 0 3 1 0 1041  770  521  1003  1901 
-0.03 -0.02 -0.02 -0.25 0.56 -0.19 0.9455 0.2514 -0.2069 -0.0004 0 3 1 0 1008  771  532  1034  1893 
-0.04 0.00 -0.01 -0.06 1.00 -0.37 0.9456 0.2514 -0.2068 -0.0004 0 3 1 0 1008  821  540  1067  1894 
-0.03 -0.02 -0.02 -0.19 0.19 -0.31 0.9456 0.2514 -0.2065 -0.0004 0 3 1 0 1059  819  541  1126  1907 
0.00 -0.01 -0.04 -0.25 -0.13 -0.06 0.9456 0.2514 -0.2065 -0.0004 0 3 1 0 1069  811  549  1133  1887 
-0.02 -0.02 -0.01 -0.19 0.00 -0.25 0.9456 0.2514 -0.2065 -0.0003 0 3 1 0 1098  773  538  1146  1930 
-0.05 -0.01 -0.02 0.00 0.44 -0.19 0.9456 0.2514 -0.2065 -0.0003 0 3 1 0 1132  784  586  1146  1967 
-0.05 0.01 -0.03 0.13 -0.13 0.00 0.9456 0.2514 -0.2065 -0.0003 0 3 1 0 1141  800  608  1156  1977 
-0.06 -0.01 0.00 0.19 -0.50 0.19 0.9456 0.2514 -0.2065 -0.0003 0 3 1 0 1122  825  592  1115  1957 
-0.04 -0.05 0.00 0.13 -0.88 0.37 0.9455 0.2514 -0.2070 -0.0004 0 3 1 0 1125  849  560  1128  1958 
-0.03 -0.01 -0.03 0.31 -0.56 0.31 0.9454 0.2514 -0.2072 -0.0005 0 3 1 0 1115  853  550  1147  1963 
-0.04 -0.05 0.00 0.13 0.06 -0.06 0.9454 0.2514 -0.2074 -0.0005 0 3 1 0 1101  810  536  1140  1956 
-0.06 -0.02 0.00 0.13 0.50 -0.19 0.9454 0.2514 -0.2074 -0.0005 0 3 1 0 1120  821  560  1136  1970 
-0.05 -0.01 -0.01 -0.13 0.37 -0.19 0.9454 0.2514 -0.2073 -0.0005 0 3 1 0 1117  837  576  1121  1987 
-0.05 -0.04 -0.03 -0.13 -0.13 0.13 0.9454 0.2514 -0.2073 -0.0005 0 3 1 0 1107  838  564  1106  1984 
-0.04 -0.04 -0.01 0.06 0.00 0.25 0.9454 0.2514 -0.2073 -0.0005 0 3 1 0 1094  875  560  1088  1967 
-0.04 -0.01 0.00 0.00 0.00 0.25 0.9454 0.2514 -0.2073 -0.0005 0 3 1 0 1104  916  568  1114  1963 
-0.03 -0.02 0.00 -0.25 -0.25 0.13 0.9454 0.2514 -0.2073 -0.0005 0 3 1 0 1102  892  560  1103  1955 
-0.05 -0.03 0.00 0.06 0.06 -0.06 0.9454 0.2514 -0.2073 -0.0005 0 3 1 0 1105  869  566  1102  1962 
-0.06 -0.01 0.00 0.00 0.13 0.00 0.9454 0.2514 -0.2073 -0.0005 0 3 1 0 1130  864  569  1075  1981 
-0.06 -0.02 0.00 0.19 -0.19 0.19 0.9454 0.2514 -0.2073 -0.0005 0 3 1 0 1122  857  558  1089  1991 
-0.08 -0.02 -0.04 0.19 -0.13 0.25 0.9454 0.2514 -0.2073 -0.0005 0 3 1 0 1113  856  560  1089  1969 
-0.08 -0.02 0.00 0.13 -0.19 0.25 0.9454 0.2514 -0.2073 -0.0005 0 3 1 0 1115  890  552  1059  1975 
-0.04 -0.01 -0.01 0.06 -0.06 0.13 0.9454 0.2514 -0.2073 -0.0005 0 3 1 0 1110  930  580  1120  1971 
-0.06 -0.03 0.01 0.00 -0.06 0.13 0.9454 0.2514 -0.2073 -0.0005 0 3 1 0 1110  944  560  1097  1962 
-0.06 -0.02 -0.03 -0.06 -0.13 0.00 0.9454 0.2514 -0.2073 -0.0005 0 3 1 0 1092  900  560  1097  1943 
-0.08 -0.02 -0.02 0.00 0.19 0.06 0.9454 0.2514 -0.2073 -0.0005 0 3 1 0 1118  904  560  1075  1967 
-0.07 -0.02 -0.03 -0.06 0.19 -0.25 0.9454 0.2514 -0.2073 -0.0005 0 3 1 0 1126  897  592  1093  1989 
-0.05 0.00 -0.04 0.00 0.25 0.00 0.9454 0.2514 -0.2073 -0.0005 0 3 1 0 1114  882  567  1122  1974 
-0.07 -0.03 -0.04 -0.13 -0.31 0.13 0.9454 0.2514 -0.2073 -0.0005 0 3 1 0 1132  912  608  1143  1984 
-0.06 -0.02 -0.03 0.13 -0.13 -0.06 0.9454 0.2514 -0.2073 -0.0005 0 3 1 0 1122  960  582  1137  1973 
-0.03 0.00 0.00 -0.13 0.06 0.06 0.9454 0.2514 -0.2073 -0.0005 0 3 1 0 1136  960  577  1140  1968 
-0.04 -0.02 0.00 0.00 0.25 -0.25 0.9454 0.2514 -0.2073 -0.0005 0 3 1 0 1105  912  548  1141  1954 
-0.07 -0.02 0.00 0.06 0.00 0.00 0.9454 0.2514 -0.2073 -0.0005 0 3 1 0 1133  896  557  1165  1971 
-0.07 -0.03 0.00 -0.06 0.31 -0.06 0.9454 0.2514 -0.2073 -0.0005 0 3 1 0 1161  898  560  1157  1990 
-0.05 -0.03 0.00 0.13 -0.25 0.13 0.9454 0.2514 -0.2073 -0.0005 0 3 1 0 1152  894  564  1168  1997 
-0.06 -0.02 -0.02 -0.13 -0.44 0.25 0.9454 0.2514 -0.2073 -0.0005 0 3 1 0 1148  903  576  1174  1981 
-0.05 -0.02 -0.02 -0.06 0.19 0.00 0.9454 0.2514 -0.2073 -0.0005 0 3 1 0 1142  968  602  1173  1978 
-0.05 -0.01 0.00 0.13 0.25 -0.06 0.9454 0.2514 -0.2073 -0.0005 0 3 1 0 1149  977  592  1200  1977 
-0.05 -0.03 0.00 0.13 0.13 0.06 0.9454 0.2514 -0.2073 -0.0005 0 3 1 0 1124  944  568  1168  1965 
-0.02 -0.02 -0.01 -0.06 -0.19 -0.13 0.9454 0.2514 -0.2073 -0.0005 0 3 1 0 1153  930  576  1169  1980 
-0.07 -0.02 0.00 0.00 0.19 0.00 0.9454 0.2514 -0.2073 -0.0005 0 3 1 0 1162  921  576  1164  1993 
-0.03 -0.02 -0.02 0.00 -0.06 -0.06 0.9454 0.2514 -0.2073 -0.0005 0 3 1 0 1168  928  593  1163  1997 
-0.04 -0.02 0.00 0.00 0.06 -0.13 0.9454 0.2514 -0.2073 -0.0005 0 3 1 0 1142  910  578  1166  1975 
-0.04 -0.02 -0.02 0.00 -0.06 0.00 0.9454 0.2514 -0.2073 -0.0005 0 3 1 0 1144  976  580  1173  1979 
-0.04 -0.02 0.01 0.00 0.00 0.06 0.9454 0.2514 -0.2073 -0.0005 0 3 1 0 1145  1001  582  1184  1979 
-0.06 -0.01 0.00 0.00 -0.13 -0.13 0.9454 0.2514 -0.2073 -0.0005 0 3 1 0 1121  950  577  1177  1957 
-0.04 -0.01 0.00 0.00 -0.19 0.00 0.9454 0.2514 -0.2073 -0.0005 0 3 1 0 1133  948  582  1169  1968 
-0.06 -0.02 -0.02 0.13 0.13 0.00 0.9454 0.2514 -0.2073 -0.0005 0 3 1 0 1138  955  595  1178  1984 
-0.04 -0.02 0.00 0.19 -0.19 0.06 0.9454 0.2514 -0.2073 -0.0005 0 3 1 0 1162  960  621  1174  1995 
-0.05 -0.01 -0.03 0.13 0.13 0.06 0.9454 0.2514 -0.2073 -0.0005 0 3 1 0 1132  957  604  1180  1975 
-0.07 -0.02 0.00 -0.06 0.00 0.00 0.9454 0.2514 -0.2073 -0.0005 0 3 1 0 1142  1008  601  1184  1965 
-0.01 -0.07 -0.02 -0.37 0.06 -0.06 0.9454 0.2514 -0.2073 -0.0005 0 3 1 0 1135  1040  585  1188  1971 
-0.01 -0.02 0.00 -0.25 0.19 -0.31 0.9454 0.2514 -0.2072 -0.0005 0 3 1 0 1116  971  576  1169  1951 
-0.02 -0.01 -0.03 -0.13 0.37 -0.19 0.9454 0.2514 -0.2071 -0.0005 0 3 1 0 1148  968  596  1157  1983 
-0.02 -0.02 -0.03 0.00 0.31 -0.13 0.9455 0.2514 -0.2070 -0.0005 0 3 1 0 1165  969  594  1168  2002 
-0.03 -0.01 -0.03 -0.13 -0.06 0.06 0.9455 0.2514 -0.2070 -0.0005 0 3 1 0 1136  970  593  1163  1984 
-0.05 -0.01 0.00 -0.06 0.13 -0.13 0.9455 0.2514 -0.2070 -0.0005 0 3 1 0 1144  1030  592  1166  1977 
-0.05 -0.05 -0.04 0.06 -0.19 0.13 0.9455 0.2514 -0.2070 -0.0005 0 3 1 0 1142  1065  584  1168  1971 
0.00 -0.02 -0.04 0.19 -0.19 0.00 0.9455 0.2514 -0.2070 -0.0005 0 3 1 0 1148  1060  572  1081  1953 
-0.02 0.00 -0.03 -0.13 -0.56 0.37 0.9455 0.2514 -0.2070 -0.0005 0 3 1 0 1120  1010  572  1125  1925 
0.00 -0.05 -0.01 0.56 -0.31 0.13 0.9454 0.2514 -0.2072 -0.0005 0 3 1 0 1143  1006  576  1133  1973 
0.00 -0.02 -0.03 0.00 0.37 -0.13 0.9454 0.2514 -0.2072 -0.0005 0 3 1 0 1166  993  565  1139  1986 
-0.03 -0.02 -0.04 0.00 0.56 -0.25 0.9454 0.2514 -0.2072 -0.0005 0 3 1 0 1146  992  592  1163  1968 
-0.01 -0.02 -0.02 0.00 0.31 0.06 0.9455 0.2514 -0.2071 -0.0005 0 3 1 0 1142  1023  592  1162  1969 
-0.01 -0.02 -0.04 0.00 -0.25 0.19 0.9455 0.2514 -0.2071 -0.0005 0 3 1 0 1137  1072  594  1163  1970 
0.00 -0.01 -0.04 -0.06 -0.62 -0.06 0.9454 0.2514 -0.2072 -0.0005 0 3 1 0 1137  1049  644  1168  1973 
0.03 -0.01 -0.06 -0.31 -0.13 -0.19 0.9454 0.2514 -0.2072 -0.0005 0 3 1 0 1130  1023  673  1168  1968 
0.00 -0.04 -0.03 -0.25 0.37 -0.25 0.9454 0.2514 -0.2072 -0.0005 0 3 1 0 1145  978  676  1170  1985 
-0.01 0.00 -0.04 -0.25 0.69 -0.50 0.9455 0.2514 -0.2070 -0.0005 0 3 1 0 1178  971  704  1183  2019 
-0.03 -0.03 0.00 -0.06 0.00 -0.13 0.9455 0.2514 -0.2070 -0.0004 0 3 1 0 1158  976  720  1184  2003 
-0.03 0.01 -0.01 0.13 -1.06 0.56 0.9454 0.2514 -0.2073 -0.0005 0 3 1 0 1147  984  680  1188  1995 
0.01 -0.04 -0.05 0.69 -1.37 0.81 0.9453 0.2514 -0.2082 -0.0004 0 3 1 0 1152  1052  734  1191  2000 
0.00 -0.02 -0.06 0.25 -0.62 0.25 0.9451 0.2515 -0.2086 -0.0005 0 3 1 0 1157  1053  768  1197  1999 
0.01 0.00 -0.04 0.00 0.56 -0.50 0.9451 0.2515 -0.2086 -0.0005 0 3 1 0 1164  989  752  1201  1990 
0.03 -0.01 -0.06 -0.37 1.56 -0.75 0.9453 0.2515 -0.2081 -0.0006 0 3 1 0 1190  960  768  1200  2007 
0.00 0.00 -0.02 -0.69 1.44 -0.62 0.9454 0.2515 -0.2073 -0.0008 0 3 1 0 1196  976  757  1202  2028 
-0.01 -0.02 -0.01 -0.06 0.75 -0.37 0.9455 0.2515 -0.2067 -0.0007 0 3 1 0 1168  988  741  1184  2000 
-0.04 -0.04 -0.02 0.13 0.37 0.13 0.9456 0.2515 -0.2067 -0.0007 0 3 1 0 1162  1034  741  1184  2003 
0.00 -0.02 -0.04 0.06 -0.81 0.25 0.9455 0.2515 -0.2067 -0.0007 0 3 1 0 1169  1033  748  1196  2002 
0.01 -0.02 -0.06 -0.06 -0.31 0.06 0.9455 0.2515 -0.2069 -0.0007 0 3 1 0 1168  1010  740  1200  2002 
0.02 0.00 -0.04 -0.06 0.13 -0.13 0.9455 0.2515 -0.2069 -0.0007 0 3 1 0 1158  994  752  1200  1995 
0.02 -0.04 -0.05 -0.06 0.81 -0.19 0.9455 0.2515 -0.2068 -0.0007 0 3 1 0 1167  995  738  1186  2005 
0.00 -0.02 -0.05 -0.19 1.00 -0.25 0.9456 0.2515 -0.2064 -0.0006 0 3 1 0 1180  989  752  1197  2015 
0.00 -0.03 -0.02 0.00 0.94 -0.50 0.9457 0.2515 -0.2059 -0.0005 0 3 1 0 1170  960  744  1201  2003 
0.02 -0.03 -0.03 -0.06 0.50 -0.06 0.9457 0.2515 -0.2057 -0.0005 0 3 1 0 1172  995  756  1202  2006 
0.01 -0.02 -0.05 -0.06 0.62 -0.19 0.9457 0.2515 -0.2056 -0.0004 0 3 1 0 1170  1006  759  1200  2006 
-0.05 -0.04 -0.03 0.00 0.69 -0.31 0.9458 0.2515 -0.2055 -0.0004 0 3 1 0 1168  1012  720  1200  2000 
-0.01 0.00 -0.03 -0.19 0.62 -0.25 0.9458 0.2515 -0.2054 -0.0004 0 3 1 0 1136  989  704  1152  1953 
0.00 0.00 -0.05 0.06 0.37 0.06 0.9458 0.2515 -0.2053 -0.0004 0 3 1 0 1142  1006  628  1049  1930 
-0.04 -0.05 -0.07 0.50 -0.19 0.06 0.9458 0.2515 -0.2053 -0.0004 0 3 1 0 1136  992  592  1001  1936 
0.02 -0.08 -0.03 0.00 0.56 -0.06 0.9458 0.2515 -0.2053 -0.0004 0 3 1 0 1104  965  598  1020  1938 
0.03 -0.02 -0.07 -0.06 1.06 -0.37 0.9459 0.2515 -0.2050 -0.0002 0 3 1 0 1144  1016  646  1040  1968 
0.00 0.00 -0.04 -0.25 1.06 -0.81 0.9460 0.2516 -0.2045 -0.0002 0 3 1 0 1136  1039  651  1049  1984 
0.00 -0.01 -0.05 -0.50 1.62 -0.75 0.9461 0.2516 -0.2039 -0.0004 0 3 1 0 1126  1020  670  1063  1962 
0.06 -0.04 -0.06 -0.56 1.81 -0.75 0.9464 0.2515 -0.2029 -0.0005 0 3 1 0 1136  1003  608  1072  1967 
0.00 -0.01 -0.05 -0.50 1.81 -0.81 0.9466 0.2513 -0.2021 -0.0007 0 3 1 0 1139  999  620  1060  1968 
0.00 -0.03 -0.04 -0.19 1.06 -0.37 0.9467 0.2514 -0.2014 -0.0007 0 3 1 0 1154  992  624  1009  1983 
0.08 -0.06 -0.01 0.25 0.00 -0.06 0.9467 0.2514 -0.2013 -0.0007 0 3 1 0 1136  1022  612  1009  1951 
0.04 -0.05 -0.03 0.19 -1.37 0.75 0.9466 0.2514 -0.2017 -0.0007 0 3 1 0 1158  1083  605  1009  1952 
0.05 -0.03 -0.03 0.13 -1.62 0.75 0.9465 0.2513 -0.2026 -0.0005 0 3 1 0 1133  1006  603  1017  1936 
0.03 -0.02 -0.04 0.06 -0.62 0.06 0.9464 0.2513 -0.2031 -0.0006 0 3 1 0 1162  1004  608  1046  1963 
0.06 -0.02 -0.07 -0.13 0.62 -0.50 0.9464 0.2513 -0.2030 -0.0006 0 3 1 0 1173  997  619  1061  2002 
0.03 -0.01 -0.06 -0.19 1.62 -1.00 0.9465 0.2514 -0.2023 -0.0007 0 3 1 0 1163  982  609  1058  1984 
0.02 -0.01 -0.04 -0.19 1.25 -0.44 0.9467 0.2515 -0.2017 -0.0007 0 3 1 0 1156  1022  605  1038  1968 
0.02 -0.03 -0.04 -0.13 0.31 0.00 0.9467 0.2515 -0.2014 -0.0006 0 3 1 0 1156  1093  608  1012  1962 
-0.01 -0.01 -0.01 0.06 0.19 -0.06 0.9467 0.2515 -0.2014 -0.0006 0 3 1 0 1141  1017  602  1032  1951 
0.02 -0.01 -0.04 0.19 0.00 0.13 0.9467 0.2515 -0.2015 -0.0007 0 3 1 0 1144  1017  598  1034  1958 
0.04 -0.02 -0.06 0.13 -0.06 0.06 0.9467 0.2515 -0.2015 -0.0007 0 3 1 0 1175  1015  620  1031  1985 
0.05 0.00 -0.06 -0.13 -0.06 0.00 0.9467 0.2515 -0.2015 -0.0007 0 3 1 0 1178  1015  593  1002  1982 
0.05 -0.03 -0.07 0.06 0.13 0.00 0.9467 0.2515 -0.2015 -0.0007 0 3 1 0 1159  1001  600  1002  1967 
0.08 -0.02 -0.06 0.00 0.19 -0.19 0.9467 0.2515 -0.2015 -0.0007 0 3 1 0 1157  1040  596  1023  1965 
0.06 0.00 -0.05 -0.19 0.81 -0.44 0.9467 0.2515 -0.2015 -0.0007 0 3 1 0 1161  1088  606  1043  1963 
0.02 -0.04 -0.03 -0.19 0.69 -0.25 0.9467 0.2515 -0.2013 -0.0006 0 3 1 0 1157  1059  608  1050  1955 
0.05 -0.02 -0.05 -0.06 0.37 -0.06 0.9467 0.2515 -0.2013 -0.0006 0 3 1 0 1152  1030  601  1056  1950 
0.04 -0.04 -0.08 -0.19 0.37 -0.19 0.9467 0.2515 -0.2013 -0.0006 0 3 1 0 1184  1040  611  1045  1970 
0.04 -0.02 -0.05 -0.06 0.31 -0.19 0.9467 0.2515 -0.2013 -0.0006 0 3 1 0 1187  1040  617  1044  1991 
0.00 -0.03 -0.05 0.00 -0.13 0.00 0.9467 0.2515 -0.2013 -0.0006 0 3 1 0 1190  1032  618  1036  1986 
0.06 -0.05 -0.06 0.00 -0.31 0.19 0.9467 0.2515 -0.2013 -0.0006 0 3 1 0 1182  1072  610  1040  1982 
0.06 -0.02 -0.06 0.00 0.13 -0.06 0.9467 0.2515 -0.2013 -0.0006 0 3 1 0 1169  1088  611  1046  1984 
0.07 -0.03 -0.07 -0.19 0.69 -0.25 0.9467 0.2515 -0.2012 -0.0006 0 3 1 0 1177  1084  609  1052  1984 
0.03 -0.02 -0.03 -0.13 0.44 -0.31 0.9468 0.2515 -0.2010 -0.0005 0 3 1 0 1166  1010  605  1046  1974 
0.04 -0.03 -0.07 -0.19 0.06 0.00 0.9468 0.2515 -0.2009 -0.0005 0 3 1 0 1190  1013  725  1066  2001 
0.07 -0.06 -0.06 -0.13 0.13 -0.19 0.9468 0.2515 -0.2009 -0.0005 0 3 1 0 1206  1021  737  1083  2025 
0.00 0.00 -0.06 -0.19 0.88 -0.13 0.9468 0.2515 -0.2007 -0.0004 0 3 1 0 1196  1021  770  1086  2013 
0.17 0.06 -0.12 0.06 0.56 -0.13 0.9468 0.2515 -0.2007 -0.0004 0 3 1 0 1184  1076  724  1083  1993 
0.00 -0.05 -0.05 -0.06 0.81 -0.06 0.9469 0.2515 -0.2004 -0.0004 0 3 1 0 1174  1127  608  1069  1969 
0.06 -0.03 -0.04 0.00 0.00 -0.19 0.9469 0.2515 -0.2004 -0.0004 0 3 1 0 1168  1134  609  1052  1969 
0.10 -0.06 -0.05 -0.19 0.06 -0.56 0.9469 0.2515 -0.2004 -0.0004 0 3 1 0 1168  1088  609  1066  1984 
0.05 0.00 -0.07 -0.25 0.81 -0.75 0.9470 0.2515 -0.2001 -0.0007 0 3 1 0 1194  1036  666  1071  2014 
0.02 0.02 -0.05 -0.06 0.06 -0.69 0.9470 0.2516 -0.1998 -0.0009 0 3 1 0 1200  1030  721  1074  2022 
0.09 -0.03 -0.10 0.00 0.06 -0.25 0.9470 0.2516 -0.1998 -0.0009 0 3 1 0 1198  1016  664  1070  2005 
0.05 -0.03 -0.07 -0.13 0.75 -0.25 0.9470 0.2516 -0.1997 -0.0009 0 3 1 0 1187  1021  620  1065  1997 
0.03 -0.03 -0.04 -0.19 0.50 -0.19 0.9471 0.2516 -0.1995 -0.0008 0 3 1 0 1190  1084  609  1061  1997 
0.03 -0.03 -0.04 -0.31 -0.06 0.06 0.9471 0.2516 -0.1995 -0.0008 0 3 1 0 1173  1086  661  1084  1989 
0.04 -0.05 -0.06 0.13 -0.88 0.56 0.9470 0.2515 -0.1998 -0.0008 0 3 1 0 1173  1036  708  1093  1978 
0.07 -0.05 -0.05 0.06 -1.19 0.75 0.9469 0.2515 -0.2003 -0.0006 0 3 1 0 1200  1072  726  1107  2000 
0.07 -0.05 -0.08 0.25 -1.00 0.69 0.9468 0.2514 -0.2007 -0.0004 0 3 1 0 1203  1072  746  1106  2031 
0.06 -0.02 -0.10 0.00 -0.37 0.13 0.9468 0.2514 -0.2008 -0.0004 0 3 1 0 1200  1033  740  1160  2059 
0.12 0.03 -0.11 -0.31 1.06 -0.88 0.9469 0.2515 -0.2004 -0.0005 0 3 1 0 1202  991  762  1170  2047 
0.11 -0.06 -0.07 -0.69 1.44 -1.06 0.9470 0.2515 -0.1996 -0.0007 0 3 1 0 1201  989  772  1173  2058 
0.09 -0.03 -0.07 -0.44 1.12 -0.56 0.9472 0.2516 -0.1988 -0.0009 0 3 1 0 1168  1006  772  1179  2043 
0.05 -0.02 -0.06 -0.06 1.19 -0.25 0.9473 0.2516 -0.1982 -0.0007 0 3 1 0 1152  1018  738  1152  2017 
0.09 -0.16 -0.01 -0.69 -0.44 0.19 0.9474 0.2515 -0.1981 -0.0007 0 3 1 0 1175  1019  733  1152  2045 
0.04 -0.07 -0.07 0.13 -0.44 0.19 0.9473 0.2515 -0.1981 -0.0007 0 3 1 0 1184  1028  742  1166  2067 
0.08 -0.03 -0.05 0.00 -0.75 0.13 0.9473 0.2515 -0.1983 -0.0007 0 3 1 0 1173  1014  749  1152  2047 
0.12 -0.02 -0.11 0.19 -0.44 -0.13 0.9473 0.2515 -0.1985 -0.0008 0 3 1 0 1185  1078  746  1149  2054 
0.10 -0.04 -0.09 -0.13 0.88 -0.25 0.9473 0.2515 -0.1984 -0.0007 0 3 1 0 1164  1092  736  1168  2032 
0.10 -0.06 -0.05 -0.31 1.37 -0.75 0.9474 0.2515 -0.1976 -0.0007 0 3 1 0 1152  1060  710  1147  1987 
0.06 -0.02 -0.04 -0.31 1.56 -0.62 0.9476 0.2516 -0.1968 -0.0009 0 3 1 0 1168  1056  669  1098  1986 
0.05 -0.04 -0.10 -0.13 1.94 -0.62 0.9478 0.2516 -0.1961 -0.0007 0 3 1 0 1182  1072  661  1084  2003 
0.08 -0.04 -0.04 -0.13 0.31 -0.13 0.9478 0.2516 -0.1959 -0.0007 0 3 1 0 1165  1069  674  1072  1995 
0.08 -0.05 -0.07 -0.06 -1.25 0.50 0.9478 0.2516 -0.1961 -0.0007 0 3 1 0 1168  1150  724  1104  2003 
0.08 -0.04 -0.05 -0.19 -1.31 0.37 0.9476 0.2515 -0.1967 -0.0008 0 3 1 0 1168  1170  741  1107  2014 
0.11 -0.02 -0.09 0.06 -0.81 0.37 0.9476 0.2515 -0.1972 -0.0009 0 3 1 0 1158  1124  746  1127  2032 
0.13 -0.01 -0.08 0.06 -0.13 0.19 0.9475 0.2515 -0.1975 -0.0010 0 3 1 0 1157  1130  784  1122  1999 
0.10 -0.05 -0.06 -0.19 0.25 0.00 0.9475 0.2515 -0.1975 -0.0010 0 3 1 0 1171  1118  752  1131  2064 
0.11 -0.03 -0.07 -0.06 -0.06 0.06 0.9475 0.2515 -0.1975 -0.0010 0 3 1 0 1193  1088  752  1132  2079 
0.13 -0.02 -0.08 -0.19 0.13 0.06 0.9475 0.2515 -0.1975 -0.0010 0 3 1 0 1166  1063  749  1136  2060 
0.11 -0.05 -0.08 -0.06 -0.06 0.00 0.9475 0.2515 -0.1975 -0.0010 0 3 1 0 1179  1128 