 0 0 0 0
-0.09 -0.06 0.11 0.19 -0.13 0.13 0.8046 -0.0120 -0.0540 -0.5912 3 3 1 2 0 0 0 0 0
-0.12 -0.05 0.14 0.13 1.25 0.00 0.8046 -0.0117 -0.0536 -0.5912 3 3 1 2 0 0 0 0 0
-0.11 -0.05 0.10 0.25 1.06 -0.06 0.8047 -0.0113 -0.0530 -0.5912 3 3 1 2 0 0 0 0 0
-0.09 -0.05 0.14 1.37 1.56 -0.19 0.8047 -0.0100 -0.0527 -0.5912 3 3 1 2 0 0 0 0 0
-0.11 -0.02 0.11 1.69 1.50 0.00 0.8048 -0.0081 -0.0522 -0.5912 3 3 1 2 0 0 0 0 0
-0.11 -0.04 0.08 2.62 2.69 -0.37 0.8049 -0.0066 -0.0521 -0.5911 3 3 1 2 0 0 0 0 0
-0.09 -0.03 0.12 1.87 3.31 0.25 0.8050 -0.0041 -0.0513 -0.5911 3 3 1 2 0 0 0 0 0
-0.12 -0.05 0.10 0.31 1.12 -0.44 0.8051 -0.0026 -0.0504 -0.5910 3 3 1 2 0 0 0 0 0
-0.12 -0.05 0.10 -0.06 -0.25 0.06 0.8050 -0.0025 -0.0503 -0.5911 3 3 1 2 0 0 0 0 0
-0.12 -0.06 0.11 0.56 0.69 -0.06 0.8051 -0.0024 -0.0502 -0.5911 3 3 1 2 0 0 0 0 0
-0.11 -0.06 0.08 0.06 -0.31 0.06 0.8050 -0.0021 -0.0499 -0.5911 3 3 1 2 0 0 0 0 0
-0.13 -0.04 0.09 -0.69 -0.75 0.19 0.8050 -0.0023 -0.0501 -0.5911 3 3 1 2 0 0 0 0 0
-0.12 -0.03 0.13 0.56 0.75 0.00 0.8050 -0.0021 -0.0500 -0.5911 3 3 1 2 0 0 0 0 0
-0.13 -0.06 0.09 0.44 0.50 -0.31 0.8049 -0.0018 -0.0499 -0.5912 3 3 1 2 0 0 0 0 0
-0.10 -0.05 0.10 3.31 3.50 -1.12 0.8047 -0.0004 -0.0495 -0.5916 3 3 1 2 0 0 0 0 0
0.36 -0.17 0.12 4.50 4.50 -15.69 0.8022 0.0076 -0.0495 -0.5950 3 3 1 2 0 0 0 0 0
-1.29 -0.61 0.04 5.94 -1.81 -16.00 0.7911 0.0083 -0.0516 -0.6094 3 3 1 2 0 0 0 0 0
-0.25 -0.26 0.17 -5.56 -2.69 3.31 0.7910 0.0086 -0.0522 -0.6095 3 3 1 2 0 0 0 0 0
-0.14 -0.08 0.04 -2.12 -2.50 0.81 0.7915 0.0054 -0.0532 -0.6088 3 3 1 2 0 0 0 0 0
-0.24 -0.02 0.05 0.13 -3.37 1.81 0.7916 0.0046 -0.0535 -0.6086 3 3 1 2 0 0 0 0 0
-0.13 -0.10 0.10 -2.00 -3.75 5.31 0.7913 0.0005 -0.0546 -0.6091 3 3 1 2 0 0 0 0 0
-0.17 -0.08 0.11 -2.75 -4.19 0.88 0.7897 -0.0021 -0.0551 -0.6110 3 3 1 2 0 0 0 0 0
-0.24 -0.02 0.10 -0.94 -1.12 1.69 0.7881 -0.0052 -0.0557 -0.6130 3 3 1 2 0 0 0 0 0
-0.12 -0.08 0.10 -1.12 -0.44 0.37 0.7867 -0.0073 -0.0555 -0.6147 3 3 1 2 0 0 0 0 0
-0.11 -0.06 0.11 -2.25 -1.37 0.69 0.7837 -0.0087 -0.0547 -0.6187 3 3 1 2 0 0 0 0 0
-0.11 -0.06 0.13 -1.25 -1.00 0.44 0.7833 -0.0105 -0.0546 -0.6191 3 3 1 2 0 0 0 0 0
-0.10 -0.06 0.11 -0.37 -0.37 0.19 0.7817 -0.0114 -0.0542 -0.6213 3 3 1 2 0 0 0 0 0
-0.09 -0.04 0.13 0.75 -0.25 0.06 0.7811 -0.0113 -0.0540 -0.6220 3 3 1 2 0 0 0 0 0
-0.08 -0.05 0.11 0.06 -0.69 0.25 0.7808 -0.0113 -0.0541 -0.6223 3 3 1 2 0 0 0 0 0
-0.10 -0.05 0.13 -0.19 -0.69 0.06 0.7808 -0.0113 -0.0539 -0.6224 3 3 1 2 0 0 0 0 0
-0.08 -0.04 0.10 0.06 -1.19 0.19 0.7803 -0.0115 -0.0539 -0.6230 3 3 1 2 0 0 0 0 0
-0.08 -0.06 0.10 0.13 -0.88 0.31 0.7797 -0.0117 -0.0538 -0.6238 3 3 1 2 0 0 0 0 0
-0.06 -0.04 0.12 0.19 0.25 0.06 0.7791 -0.0121 -0.0542 -0.6245 3 3 1 2 0 0 0 0 0
-0.08 -0.05 0.09 0.13 -1.44 0.19 0.7787 -0.0122 -0.0543 -0.6249 3 3 1 2 0 0 0 0 0
-0.08 -0.05 0.08 0.50 1.94 0.00 0.7773 -0.0128 -0.0546 -0.6266 3 3 1 2 0 0 0 0 0
-0.08 -0.06 0.08 -0.69 0.06 0.19 0.7773 -0.0124 -0.0539 -0.6267 3 3 1 2 0 0 0 0 0
-0.10 -0.05 0.13 -0.69 0.81 0.13 0.7773 -0.0124 -0.0535 -0.6268 3 3 1 2 0 0 0 0 0
-0.08 -0.08 0.12 -0.25 1.19 -0.06 0.7771 -0.0126 -0.0531 -0.6270 3 3 1 2 0 0 0 0 0
-0.05 -0.07 0.10 1.06 1.50 -0.37 0.7770 -0.0117 -0.0527 -0.6272 3 3 1 2 0 0 0 0 0
-0.10 -0.06 0.11 2.31 3.94 -0.37 0.7767 -0.0091 -0.0517 -0.6277 3 3 1 2 0 0 0 0 0
-0.07 -0.08 0.12 0.31 0.31 0.19 0.7765 -0.0088 -0.0516 -0.6280 3 3 1 2 0 0 0 0 0
-0.08 -0.07 0.12 -0.81 -1.87 0.44 0.7761 -0.0097 -0.0522 -0.6285 3 3 1 2 0 0 0 0 0
-0.10 -0.05 0.11 0.13 0.06 0.00 0.7752 -0.0098 -0.0522 -0.6295 3 3 1 2 0 0 0 0 0
-0.10 -0.06 0.12 -0.56 -0.62 0.13 0.7752 -0.0100 -0.0523 -0.6295 3 3 1 2 0 0 0 0 0
-0.10 -0.09 0.12 0.56 0.13 -0.13 0.7750 -0.0100 -0.0522 -0.6298 3 3 1 2 0 0 0 0 0
-0.08 -0.06 0.10 -0.06 -0.75 0.13 0.7748 -0.0104 -0.0530 -0.6299 3 3 1 2 0 0 0 0 0
-0.08 -0.07 0.10 -0.06 0.31 0.00 0.7748 -0.0103 -0.0530 -0.6299 3 3 1 2 0 0 0 0 0
-0.11 -0.06 0.12 1.37 1.06 -0.19 0.7748 -0.0096 -0.0530 -0.6299 3 3 1 2 0 0 0 0 0
-0.06 -0.06 0.08 4.56 8.88 -1.12 0.7748 -0.0052 -0.0517 -0.6301 3 3 1 2 0 0 0 0 0
-0.12 -0.05 0.09 1.25 0.81 -0.06 0.7750 -0.0002 -0.0504 -0.6299 3 3 1 2 0 0 0 0 0
-0.07 -0.06 0.14 -1.87 -3.37 0.69 0.7750 -0.0014 -0.0509 -0.6299 3 3 1 2 0 0 0 0 0
-0.08 -0.05 0.11 -0.13 -0.44 0.06 0.7750 -0.0020 -0.0512 -0.6299 3 3 1 2 0 0 0 0 0
-0.11 -0.08 0.11 -0.44 -0.56 0.13 0.7750 -0.0020 -0.0512 -0.6299 3 3 1 2 0 0 0 0 0
-0.09 -0.08 0.09 -1.19 -0.50 0.13 0.7750 -0.0027 -0.0511 -0.6299 3 3 1 2 0 0 0 0 0
-0.11 -0.07 0.12 -1.19 -0.56 0.19 0.7750 -0.0038 -0.0505 -0.6299 3 3 1 2 0 0 0 0 0
-0.07 -0.07 0.11 -0.06 0.06 0.00 0.7750 -0.0039 -0.0505 -0.6299 3 3 1 2 0 0 0 0 0
-0.08 -0.07 0.13 -0.19 0.13 0.13 0.7750 -0.0039 -0.0505 -0.6299 3 3 1 2 0 0 0 0 0
-0.10 -0.11 0.12 0.25 -0.13 0.13 0.7750 -0.0039 -0.0505 -0.6299 3 3 1 2 0 0 0 0 0
-0.11 -0.11 0.10 -0.25 -0.19 0.13 0.7750 -0.0039 -0.0505 -0.6299 3 3 1 2 0 0 0 0 0
-0.10 -0.09 0.13 -0.88 -0.19 0.37 0.7750 -0.0043 -0.0503 -0.6300 3 3 1 2 0 0 0 0 0
-0.09 -0.07 0.06 0.13 -0.06 0.13 0.7750 -0.0044 -0.0502 -0.6300 3 3 1 2 0 0 0 0 0
-0.07 -0.08 0.09 0.25 -0.25 0.06 0.7750 -0.0043 -0.0502 -0.6300 3 3 1 2 0 0 0 0 0
-0.07 -0.11 0.14 -0.19 -0.31 0.13 0.7750 -0.0043 -0.0502 -0.6300 3 3 1 2 0 0 0 0 0
-0.08 -0.11 0.09 0.69 0.31 -0.06 0.7750 -0.0043 -0.0502 -0.6300 3 3 1 2 0 0 0 0 0
-0.09 -0.09 0.10 1.37 0.31 0.06 0.7750 -0.0032 -0.0508 -0.6299 3 3 1 2 0 0 0 0 0
-0.06 -0.09 0.11 0.56 -0.06 0.13 0.7750 -0.0032 -0.0508 -0.6299 3 3 1 2 0 0 0 0 0
-0.09 -0.09 0.09 0.81 0.00 0.06 0.7750 -0.0030 -0.0509 -0.6299 3 3 1 2 0 0 0 0 0
-0.10 -0.12 0.12 0.31 0.06 -0.06 0.7750 -0.0027 -0.0511 -0.6299 3 3 1 2 0 0 0 0 0
-0.10 -0.08 0.07 0.81 0.44 0.25 0.7750 -0.0020 -0.0518 -0.6299 3 3 1 2 0 0 0 0 0
-0.09 -0.09 0.09 0.25 0.06 0.00 0.7750 -0.0019 -0.0518 -0.6298 3 3 1 2 0 0 0 0 0
-0.10 -0.08 0.11 -0.19 -0.06 0.00 0.7750 -0.0019 -0.0518 -0.6298 3 3 1 2 0 0 0 0 0
-0.07 -0.14 0.08 -1.19 0.50 0.06 0.7750 -0.0026 -0.0513 -0.6299 3 3 1 2 0 0 0 0 0
-0.08 -0.12 0.12 1.44 2.56 -0.50 0.7750 -0.0020 -0.0508 -0.6299 3 3 1 2 0 0 0 0 0
0.14 0.00 0.11 4.75 6.19 -6.62 0.7744 0.0029 -0.0500 -0.6308 3 3 1 2 0 0 0 0 0
-0.09 -0.08 0.10 -0.06 -1.00 0.19 0.7734 0.0044 -0.0504 -0.6318 3 3 1 2 0 0 0 0 0
-0.11 -0.12 0.15 -2.94 -1.62 0.19 0.7734 0.0023 -0.0502 -0.6319 3 3 1 2 0 0 0 0 0
-0.09 -0.09 0.09 -0.75 -0.44 0.00 0.7734 0.0014 -0.0499 -0.6320 3 3 1 2 0 0 0 0 0
-0.11 -0.06 0.13 -0.44 -0.44 0.13 0.7734 0.0008 -0.0500 -0.6320 3 3 1 2 0 0 0 0 0
-0.12 -0.13 0.09 -0.25 -0.25 -0.06 0.7734 0.0005 -0.0498 -0.6320 3 3 1 2 0 0 0 0 0
-0.10 -0.09 0.09 0.06 0.00 -0.06 0.7734 0.0005 -0.0498 -0.6320 3 3 1 2 0 0 0 0 0
-0.10 -0.13 0.13 -0.25 0.25 0.81 0.7737 0.0006 -0.0492 -0.6316 3 3 1 2 0 0 0 0 0
-0.13 -0.13 0.12 0.25 0.31 0.94 0.7740 0.0005 -0.0489 -0.6313 3 3 1 2 0 0 0 0 0
-0.08 -0.09 0.09 -0.25 -0.31 0.06 0.7742 0.0005 -0.0485 -0.6310 3 3 1 2 0 0 0 0 0
-0.34 -0.30 0.04 -1.06 -0.69 1.75 0.7743 0.0002 -0.0482 -0.6310 3 3 1 2 0 0 0 0 0
-0.09 -0.10 0.08 -0.19 1.19 1.87 0.7749 0.0007 -0.0477 -0.6303 3 3 1 2 0 0 0 0 0
-0.04 -0.08 0.15 -0.69 -0.56 0.69 0.7754 0.0006 -0.0471 -0.6297 3 3 1 2 0 0 0 0 0
-0.27 -0.15 0.12 -0.69 0.25 2.12 0.7759 0.0005 -0.0469 -0.6291 3 3 1 2 0 0 0 0 0
-0.03 -0.08 0.10 1.75 1.31 0.62 0.7764 0.0012 -0.0463 -0.6285 3 3 1 2 0 0 0 0 0
0.05 -0.12 0.08 8.69 4.12 -1.06 0.7764 0.0057 -0.0466 -0.6284 3 3 1 2 0 0 0 0 0
-0.24 -0.06 0.11 -0.88 -0.62 -1.31 0.7750 0.0081 -0.0475 -0.6301 3 3 1 2 0 0 0 0 0
-0.04 -0.11 0.05 0.31 0.00 0.13 0.7750 0.0081 -0.0474 -0.6301 3 3 1 2 0 0 0 0 0
-0.05 -0.05 0.08 0.56 -0.13 0.00 0.7750 0.0082 -0.0474 -0.6301 3 3 1 2 0 0 0 0 0
-0.06 -0.06 0.08 0.06 0.00 -0.06 0.7750 0.0082 -0.0473 -0.6301 3 3 1 2 0 0 0 0 0
-0.06 -0.08 0.10 0.00 0.62 0.19 0.7750 0.0083 -0.0472 -0.6301 3 3 1 2 0 0 0 0 0
-0.03 -0.07 0.10 0.00 -0.37 0.25 0.7750 0.0083 -0.0471 -0.6301 3 3 1 2 0 0 0 0 0
-0.02 -0.09 0.06 0.06 -0.19 0.13 0.7750 0.0082 -0.0471 -0.6301 3 3 1 2 0 0 0 0 0
-0.02 -0.07 0.09 0.00 -0.37 0.19 0.7750 0.0082 -0.0470 -0.6301 3 3 1 2 0 0 0 0 0
-0.05 -0.05 0.08 0.00 -0.19 0.19 0.7750 0.0081 -0.0469 -0.6301 3 3 1 2 0 0 0 0 0
-0.03 -0.08 0.12 0.13 -0.06 0.13 0.7750 0.0081 -0.0468 -0.6301 3 3 1 2 0 0 0 0 0
-0.04 -0.05 0.11 1.00 -0.37 0.19 0.7750 0.0082 -0.0468 -0.6301 3 3 1 2 0 0 0 0 0
-0.01 -0.06 0.08 0.25 -0.19 0.31 0.7750 0.0082 -0.0468 -0.6301 3 3 1 2 0 0 0 0 0
-0.03 -0.08 0.07 0.13 -0.06 0.19 0.7750 0.0081 -0.0468 -0.6301 3 3 1 2 0 0 0 0 0
-0.02 -0.08 0.11 1.25 -0.44 0.88 0.7751 0.0084 -0.0470 -0.6299 3 3 1 2 0 0 0 0 0
-0.02 -0.05 0.04 2.44 0.50 0.37 0.7752 0.0091 -0.0475 -0.6298 3 3 1 2 0 0 0 0 0
0.00 -0.09 0.16 2.19 1.75 -0.50 0.7752 0.0093 -0.0474 -0.6298 3 3 1 2 0 0 0 0 0
-0.46 0.49 -0.08 19.56 8.94 51.75 0.7803 0.0154 -0.0496 -0.6232 3 3 1 2 0 0 0 0 0
0.40 -0.09 -0.08 30.87 34.81 305.87 0.8644 0.0150 -0.0236 -0.5020 3 3 1 2 0 0 0 0 0
0.38 -0.17 0.16 -0.75 1.00 -6.12 0.8855 0.0159 -0.0193 -0.4640 3 3 1 2 0 0 0 0 0
0.27 -0.07 0.09 -2.31 -0.13 1.75 0.8826 0.0168 -0.0211 -0.4694 3 3 1 3 0 0 0 0 0
0.25 -0.07 0.10 2.81 0.75 -0.62 0.8827 0.0147 -0.0212 -0.4692 3 3 1 3 0 0 0 0 0
0.25 -0.07 0.10 -4.06 -0.19 -0.06 0.8827 0.0137 -0.0218 -0.4693 3 3 1 3 0 0 0 0 0
0.25 -0.07 0.06 1.19 -0.06 -0.06 0.8829 0.0133 -0.0225 -0.4689 3 3 1 3 0 0 0 0 0
0.24 -0.09 0.11 -0.56 0.00 0.19 0.8831 0.0123 -0.0227 -0.4685 3 3 1 3 0 0 0 0 0
0.18 -0.10 0.10 -1.00 0.37 -0.25 0.8829 0.0121 -0.0232 -0.4687 3 3 1 3 0 0 0 0 0
0.15 -0.07 0.07 0.50 -0.06 0.00 0.8830 0.0115 -0.0235 -0.4687 3 3 1 3 0 0 0 0 0
0.20 -0.06 0.14 0.56 -0.19 0.13 0.8830 0.0112 -0.0239 -0.4687 3 3 1 3 0 0 0 0 0
0.18 -0.07 0.07 0.06 0.06 -0.13 0.8831 0.0107 -0.0241 -0.4686 3 3 1 3 0 0 0 0 0
0.16 -0.05 0.09 -0.19 0.00 0.06 0.8837 0.0104 -0.0244 -0.4672 3 3 1 3 0 0 0 0 0
0.17 -0.08 0.11 0.19 0.06 -0.13 0.8840 0.0101 -0.0246 -0.4668 3 3 1 3 0 0 0 0 0
0.13 -0.05 0.09 -0.13 0.00 0.19 0.8840 0.0099 -0.0248 -0.4668 3 3 1 3 0 0 0 0 0
0.14 -0.03 0.11 0.13 -0.06 0.00 0.8840 0.0096 -0.0250 -0.4667 3 3 1 3 0 0 0 0 0
0.15 -0.04 0.10 -0.31 0.00 0.06 0.8843 0.0095 -0.0252 -0.4662 3 3 1 3 0 0 0 0 0
0.13 -0.06 0.09 -0.06 -0.13 0.06 0.8844 0.0093 -0.0253 -0.4660 3 3 1 3 0 0 0 0 0
0.12 -0.03 0.07 0.25 -0.19 0.06 0.8844 0.0090 -0.0255 -0.4659 3 3 1 3 0 0 0 0 0
0.14 -0.05 0.09 -0.37 0.19 0.00 0.8847 0.0089 -0.0256 -0.4654 3 3 1 3 0 0 0 0 0
0.14 -0.02 0.10 0.00 0.00 -0.13 0.8847 0.0087 -0.0258 -0.4653 3 3 1 3 0 0 0 0 0
0.10 -0.05 0.11 0.13 -0.25 0.00 0.8847 0.0085 -0.0259 -0.4653 3 3 1 3 0 0 0 0 0
0.12 -0.04 0.06 0.19 -0.25 0.06 0.8850 0.0084 -0.0260 -0.4647 3 3 1 3 0 0 0 0 0
0.11 -0.04 0.12 0.00 -0.13 0.00 0.8851 0.0083 -0.0261 -0.4646 3 3 1 3 0 0 0 0ets Jun  8 2016 00:22:57

rst:0x1 (POWERON_RESET),boot:0x13 (SPI_FAST_FLASH_BOOT)
configsip: 0, SPIWP:0xee
clk_drv:0x00,q_drv:0x00,d_drv:0x00,cs0_drv:0x00,hd_drv:0x00,wp_drv:0x00
mode:DIO, clock div:1
load:0x3fff0018,len:4
load:0x3fff001c,len:1044
load:0x40078000,len:8896
load:0x40080400,len:5816
entry 0x400806ac
Orientation Sensor Test

accel_x accel_y accel_z gyro_x gyro_y gyro_z qW qX qY qZ Cal_sys Cal_gyro Cal_accel Cal_mag FSR0 FSR1 FSR2 FSR3 FSR4
-0.51 -1.65 -1.09 3.19 49.06 -24.69 0.9435 0.2897 -0.0936 -0.1306 0 0 0 0 0 0 0 0 0
-0.29 -0.80 -1.34 -12.81 35.44 10.56 0.9478 0.2898 -0.0549 -0.1214 0 0 0 0 0 0 0 0 0
-0.41 -0.97 -1.39 -25.62 50.75 -66.81 0.9536 0.2728 -0.0211 -0.1256 0 0 0 0 0 0 0 0 0
-0.43 -0.71 -2.18 -0.06 26.94 -79.19 0.9482 0.2700 0.0132 -0.1667 0 0 0 0 0 0 0 0 0
-0.18 -2.22 -1.99 -15.19 -18.06 -139.50 0.9353 0.2623 0.0351 -0.2347 0 0 0 0 0 0 0 0 0
0.23 -2.31 -1.06 -17.50 -61.00 -28.37 0.9250 0.2391 0.0220 -0.2945 0 0 0 1 0 0 0 0 0
0.49 -0.72 0.93 -56.44 -90.19 41.50 0.9327 0.2075 -0.0356 -0.2928 0 0 0 1 0 0 0 0 0
0.35 -1.19 4.16 -148.75 -125.37 112.25 0.9553 0.1246 -0.1014 -0.2483 0 0 0 1 0 0 0 0 0
0.23 -1.43 -2.25 -47.94 -98.44 119.50 0.9695 0.0576 -0.1627 -0.1739 0 0 0 1 0 0 0 0 0
0.74 0.89 2.53 -183.19 -34.56 146.56 0.9705 -0.0692 -0.2001 -0.1155 0 0 0 1 0 0 0 0 0
-0.66 0.94 6.30 -272.37 137.75 173.81 0.9623 -0.2458 -0.1140 -0.0226 0 0 0 1 0 0 0 0 0
4.47 4.27 2.89 -383.50 311.44 90.75 0.8819 -0.4614 0.0955 -0.0167 0 0 0 1 0 0 0 0 0
7.31 1.77 5.50 -391.12 468.56 193.25 0.6796 -0.6442 0.3508 -0.0037 0 0 0 1 0 0 0 0 0
2.54 3.21 -1.24 -540.25 354.87 -88.62 0.2917 -0.8536 0.4213 -0.0932 0 0 0 2 0 0 0 0 0
1.76 -1.48 -3.98 -175.12 172.12 52.13 0.0455 -0.8420 0.5153 -0.1529 0 0 0 2 0 0 0 0 0
-0.23 -1.47 -1.90 -38.69 77.44 84.50 -0.0128 -0.7966 0.5743 -0.1883 0 0 0 2 0 0 0 0 0
-1.05 -3.42 -2.47 186.44 -29.06 136.50 0.0280 -0.7536 0.6159 -0.2279 0 0 0 2 0 0 0 0 0
-0.08 -1.96 -1.02 407.31 -71.44 281.50 0.2197 -0.6538 0.6614 -0.2946 0 0 0 2 0 0 0 0 0
0.43 -0.64 -5.63 690.25 -212.31 412.37 0.5721 -0.3666 0.6087 -0.4095 0 0 0 3 0 0 0 0 0
-1.24 -3.53 -4.32 617.44 -487.31 284.94 0.8747 -0.0071 0.2672 -0.4043 0 0 0 3 0 0 0 0 0
-0.35 -1.40 -3.27 480.25 -309.62 21.69 0.8810 0.2383 -0.1149 -0.3922 0 0 0 3 0 0 0 0 0
0.84 -1.07 -6.10 125.75 -15.88 164.87 0.7414 0.4423 -0.3777 -0.3348 0 0 0 3 0 0 0 0 0
-1.16 -3.62 -0.22 246.25 -7.94 159.69 0.7057 0.4933 -0.4625 -0.2115 0 0 0 3 0 0 0 0 0
0.25 -4.63 -1.30 72.62 88.31 230.19 0.6989 0.4885 -0.5206 -0.0446 0 0 0 3 0 0 0 0 0
3.50 -0.07 1.27 -22.81 87.44 170.75 0.7518 0.3678 -0.5426 0.0717 0 0 0 3 0 0 0 0 0
3.22 0.67 0.07 -145.56 240.87 199.56 0.8173 0.2469 -0.4908 0.1735 0 0 0 3 0 0 0 0 0
3.53 2.93 -0.72 -292.81 265.31 128.25 0.8861 0.0430 -0.4005 0.2294 0 0 0 3 0 0 0 0 0
2.69 -0.30 1.95 -176.25 132.37 106.69 0.9045 -0.1990 -0.3030 0.2246 0 0 0 3 0 0 0 0 0
10.09 3.62 5.21 -194.87 281.94 202.62 0.8687 -0.4069 -0.1716 0.2243 0 0 0 3 0 0 0 0 0
8.20 5.69 -0.15 -418.62 477.25 399.87 0.6843 -0.6746 0.1539 0.2303 0 0 0 3 0 0 0 0 0
3.44 -0.75 -4.50 -16.25 398.44 176.25 0.4471 -0.7598 0.4391 0.1733 0 0 0 3 0 0 0 0 0
-1.83 -4.19 -2.94 157.12 120.56 48.69 0.3895 -0.7278 0.5624 0.0477 0 0 0 3 0 0 0 0 0
-2.81 -3.75 -0.22 336.56 19.00 66.44 0.4833 -0.6326 0.6025 -0.0571 0 0 0 3 0 0 0 0 0
-3.38 -4.35 -3.27 596.00 -109.37 80.94 0.6727 -0.4293 0.5679 -0.2017 0 0 0 3 0 0 0 0 0
-2.82 -6.26 -5.89 890.44 -458.00 120.75 0.8949 -0.0450 0.2985 -0.3287 0 0 0 3 0 0 0 0 0
-3.44 -9.49 -5.36 566.87 -212.44 172.56 0.8782 0.3351 -0.1122 -0.3223 0 0 0 3 0 0 0 0 0
0.96 -6.01 -6.50 521.00 -117.81 201.87 0.7244 0.5695 -0.3472 -0.1744 0 0 0 3 0 0 0 0 0
2.35 -2.35 -2.33 19.50 72.50 110.25 0.7159 0.5812 -0.3848 -0.0378 0 0 0 3 0 0 0 0 0
1.73 0.25 0.38 -233.75 143.25 15.50 0.7667 0.5254 -0.3684 0.0212 0 0 0 3 0 0 0 0 0
4.23 6.86 1.33 -706.69 355.06 -56.38 0.9208 0.3143 -0.2307 0.0092 0 0 0 3 0 0 0 0 0
3.80 2.29 5.45 -482.12 303.25 247.44 0.9824 -0.1621 -0.0084 0.0931 0 0 0 3 0 0 0 0 0
4.78 0.66 1.67 -464.25 299.37 201.56 0.8739 -0.4138 0.1719 0.1884 0 0 0 3 0 0 0 0 0
5.51 1.90 -0.61 -502.37 262.81 216.25 0.5869 -0.6902 0.3173 0.2802 0 0 0 3 0 0 0 0 0
3.70 0.98 0.93 -302.50 114.44 101.44 0.3461 -0.7998 0.3696 0.3223 0 0 0 3 0 0 0 0 0
1.60 -2.52 0.42 -294.00 134.75 94.56 0.1245 -0.8585 0.3658 0.3372 0 0 0 3 0 0 0 0 0
-4.63 -2.64 -6.72 -23.19 60.88 172.12 -0.0472 -0.8527 0.4106 0.3194 0 0 0 3 0 0 0 0 0
-5.42 -0.04 -6.88 815.12 -200.19 11.56 0.2184 -0.7914 0.5289 0.2150 0 0 0 3 0 0 0 0 0
-0.43 -0.92 -9.35 1120.69 -360.81 70.87 0.8286 -0.3013 0.4653 -0.0781 0 0 0 3 0 0 0 0 0
-0.19 -2.99 -11.26 520.87 -300.37 65.06 0.9611 0.1024 0.1781 -0.1844 0 0 0 3 0 0 0 0 0
3.22 -2.04 -3.01 296.44 -165.62 136.56 0.9374 0.2980 -0.0217 -0.1785 0 0 0 3 0 0 0 0 0
2.84 -1.64 0.18 -21.94 -93.75 207.62 0.9357 0.3176 -0.1268 -0.0868 0 0 0 3 0 0 0 0 0
7.11 3.22 6.70 -291.62 -7.50 198.50 0.9650 0.1646 -0.2032 0.0172 0 0 0 3 0 0 0 0 0
7.28 3.17 5.37 -489.56 267.19 267.19 0.9784 -0.1251 -0.1227 0.1099 0 0 0 3 0 0 0 0 0
6.37 2.76 2.70 -303.31 260.75 290.19 0.8760 -0.4279 0.0546 0.2155 0 0 0 3 0 0 0 0 0
6.35 2.96 0.94 -405.75 313.81 241.44 0.6981 -0.5964 0.2678 0.2921 0 0 0 3 0 0 0 0 0
5.35 2.41 -0.20 -211.37 254.06 229.25 0.4402 -0.7179 0.4220 0.3356 0 0 0 3 0 0 0 0 0
0.95 -0.58 -4.51 -20.75 187.19 57.50 0.2761 -0.7561 0.5145 0.2955 0 0 0 3 0 0 0 0 0
-2.71 -4.72 -0.71 29.69 75.87 -9.38 0.2320 -0.7781 0.5361 0.2308 0 0 0 3 0 0 0 0 0
-4.53 -1.77 -6.69 311.00 -57.81 7.94 0.3118 -0.7455 0.5673 0.1584 0 0 0 3 0 0 0 0 0
-1.96 -2.80 -4.18 1243.50 -290.00 -140.81 0.7839 -0.4258 0.4343 -0.1248 0 0 0 3 0 0 0 0 0
-0.15 -4.25 -8.98 538.81 -97.44 38.94 0.9326 -0.0280 0.2399 -0.2684 0 0 0 3 0 0 0 0 0
2.28 -1.30 -9.41 267.00 -6.87 92.62 0.9210 0.2557 0.1242 -0.2663 0 0 0 3 0 0 0 0 0
1.25 -2.33 -2.37 22.44 -77.94 124.69 0.9216 0.3207 0.0681 -0.2076 0 0 0 3 0 0 0 0 0
5.19 -0.69 9.53 -139.50 -177.94 219.12 0.9579 0.2531 -0.0467 -0.1277 0 0 0 3 0 0 0 0 0
3.90 3.02 4.94 -233.06 -56.44 297.06 0.9957 0.0195 -0.0909 0.0002 0 0 0 3 0 0 0 0 0
8.33 1.06 5.75 -346.06 243.62 292.37 0.9551 -0.1990 -0.0481 0.2138 0 0 0 3 0 0 0 0 0
9.20 3.59 1.15 -504.75 262.62 416.87 0.7867 -0.4934 0.1201 0.3511 0 0 0 3 0 0 0 0 0
9.06 2.88 3.58 -247.62 189.56 402.12 0.4843 -0.6693 0.2805 0.4887 0 0 0 3 0 0 0 0 0
5.84 2.02 -0.50 20.19 248.37 267.75 0.2488 -0.7023 0.4438 0.4980 0 0 0 3 0 0 0 0 0
-1.24 -2.86 -7.83 337.81 166.06 -2.37 0.2943 -0.6732 0.6154 0.2856 0 0 0 3 0 0 0 0 0
-1.77 1.43 -3.58 254.19 -52.06 -141.87 0.4014 -0.6585 0.6129 0.1720 0 0 0 3 0 0 0 0 0
-1.45 -5.16 5.78 967.75 -282.50 -329.06 0.8224 -0.4074 0.3671 -0.1514 0 0 0 3 0 0 0 0 0
-0.87 0.14 -2.83 356.00 -181.25 66.56 0.9504 -0.0951 0.1390 -0.2615 0 0 0 3 0 0 0 0 0
0.20 -2.33 -0.04 115.12 -102.69 121.06 0.9765 0.0223 0.0097 -0.2143 0 0 0 3 0 0 0 0 0
0.24 -2.20 -1.41 24.94 -51.50 158.50 0.9894 0.0601 -0.0505 -0.1218 0 0 0 3 0 0 0 0 0
2.89 1.50 0.91 -46.94 -36.63 178.75 0.9952 0.0359 -0.0906 -0.0021 0 0 0 3 0 0 0 0 0
5.40 1.98 3.86 -141.25 106.06 168.50 0.9901 -0.0307 -0.0812 0.1107 0 0 0 3 0 0 0 0 0
5.52 0.93 3.04 -195.75 185.62 143.00 0.9552 -0.2095 0.0274 0.2072 0 0 0 3 0 0 0 0 0
5.01 1.22 -1.14 -237.06 287.06 176.69 0.8634 -0.3823 0.1891 0.2695 0 0 0 3 0 0 0 0 0
5.29 2.04 -0.62 -155.25 265.44 130.69 0.7186 -0.5207 0.3439 0.3069 0 0 0 3 0 0 0 0 0
1.72 -1.71 -3.29 -56.56 221.87 77.12 0.5942 -0.5929 0.4671 0.2779 0 0 0 3 0 0 0 0 0
0.04 0.83 -4.18 46.56 79.37 -9.44 0.5189 -0.6185 0.5374 0.2440 0 0 0 3 0 0 0 0 0
-0.05 2.07 -3.37 363.00 -92.06 -195.25 0.6144 -0.5833 0.5137 0.1352 0 0 0 3 0 0 0 0 0
-0.44 -1.88 0.00 579.75 -244.62 -244.12 0.8568 -0.3854 0.3306 -0.0898 0 0 0 3 0 0 0 0 0
-0.45 -2.30 -0.94 440.25 -249.81 -37.38 0.9681 -0.1158 0.0972 -0.1997 0 0 0 3 0 0 0 0 0
0.99 -2.13 2.20 157.50 -110.31 91.06 0.9835 0.0298 -0.0538 -0.1699 0 0 0 3 0 0 0 0 0
1.07 -0.84 1.86 43.06 -22.94 121.94 0.9882 0.0709 -0.0963 -0.0953 0 0 0 3 0 0 0 0 0
1.70 -0.75 -0.41 -37.31 -16.37 178.44 0.9917 0.0641 -0.1116 0.0024 0 0 0 3 0 0 0 0 0
3.04 1.07 1.06 -154.94 62.31 167.44 0.9880 -0.0178 -0.1044 0.1122 0 0 0 3 0 0 0 0 0
3.75 0.22 3.71 -275.31 153.56 150.44 0.9479 -0.2311 -0.0388 0.2156 0 0 0 3 0 0 0 0 0
5.32 2.20 0.33 -254.87 318.87 204.19 0.8538 -0.4290 0.1166 0.2712 0 0 0 3 0 0 0 0 0
5.74 2.59 -1.17 -231.44 313.00 130.87 0.6755 -0.6163 0.2920 0.2804 0 0 0 3 0 0 0 0 0
2.75 0.03 -3.30 -77.00 214.75 96.87 0.5234 -0.6930 0.4341 0.2394 0 0 0 3 0 0 0 0 0
0.20 -2.29 -3.46 15.25 77.94 -27.12 0.4736 -0.7120 0.4849 0.1836 0 0 0 3 0 0 0 0 0
-0.03 -0.94 -1.50 82.81 -32.75 -85.50 0.4992 -0.7140 0.4694 0.1436 0 0 0 3 0 0 0 0 0
0.75 -0.19 2.60 479.31 -121.50 -247.50 0.5768 -0.3947 0.6606 -0.2742 0 0 0 3 0 0 0 0 0
0.02 -2.20 2.46 502.69 6.31 -261.87 0.6469 -0.2833 0.4212 -0.5692 0 0 0 3 0 0 0 0 0
-0.95 -7.64 -0.91 628.50 45.13 -174.44 0.6030 -0.0753 0.1447 -0.7809 0 0 0 3 0 0 0 0 0
-1.29 -7.02 -2.01 362.06 42.88 46.06 0.5682 0.1451 -0.1302 -0.7995 0 0 0 3 302 0 0 0 0
0.24 -5.13 -2.15 110.00 69.69 118.12 0.5956 0.2538 -0.2175 -0.7304 0 0 0 3 674 0 0 0 0
2.12 -1.54 -0.93 2.56 33.50 182.87 0.6859 0.2592 -0.2471 -0.6335 1 0 0 3 944 0 0 0 0
1.74 -1.00 -1.80 -3.37 21.56 122.87 0.7496 0.2480 -0.2581 -0.5568 3 0 0 3 1109 0 0 0 0
1.48 0.61 -1.00 -5.31 -15.75 75.50 0.7831 0.2299 -0.2763 -0.5075 3 0 0 3 1118 0 0 0 0
1.68 -0.20 2.04 -88.44 -28.19 69.75 0.8076 0.1822 -0.2867 -0.4821 3 0 0 3 1178 0 0 0 0
1.15 -0.57 0.71 -98.81 45.31 -8.44 0.8265 0.1397 -0.2549 -0.4822 3 0 0 3 1328 0 0 0 0
0.90 -0.97 0.17 -198.62 70.25 22.00 0.8478 0.0662 -0.1618 -0.5006 3 0 0 3 1619 0 0 0 0
2.23 1.72 0.10 -316.62 120.62 65.37 0.8749 -0.0793 -0.0059 -0.4778 2 0 0 3 1755 0 0 0 0
2.22 0.98 0.88 -258.94 127.06 51.94 0.8597 -0.1899 0.1448 -0.4515 2 0 0 3 1887 0 0 0 0
2.14 1.37 -0.43 -312.75 169.81 23.62 0.7992 -0.2996 0.3223 -0.4095 2 0 0 3 1948 0 0 0 0
1.83 0.49 -0.70 -181.31 141.06 12.44 0.7039 -0.3782 0.4697 -0.3752 2 0 0 3 1990 0 0 0 0
0.80 -0.62 -0.64 -120.62 106.19 -7.75 0.6158 -0.4240 0.5618 -0.3541 2 0 0 3 2047 0 0 0 0
-0.39 -1.14 -1.66 -75.75 53.56 1.19 0.5466 -0.4485 0.6210 -0.3384 2 0 0 3 2067 0 0 0 0
-0.15 -1.05 -0.69 154.44 20.56 -0.31 0.5602 -0.4062 0.6103 -0.3857 2 0 0 3 2098 0 0 0 0
0.00 -0.05 0.01 296.19 -39.25 -37.63 0.6133 -0.3324 0.5359 -0.4756 2 0 0 3 2117 0 0 0 0
-0.47 -2.02 0.60 563.06 -99.31 -74.50 0.6903 -0.1700 0.3121 -0.6302 2 0 0 3 2090 0 0 0 0
-1.33 -3.38 -0.53 454.00 -57.75 40.81 0.7076 0.0554 0.0097 -0.7043 2 0 0 3 1907 0 0 0 0
-0.17 -4.00 -0.37 129.87 13.19 69.56 0.7241 0.1736 -0.1188 -0.6569 3 0 0 3 1431 0 0 0 0
1.43 -0.25 -0.79 -10.94 -4.37 104.37 0.7578 0.1989 -0.1573 -0.6013 3 0 0 3 698 0 0 0 0
1.23 0.25 -0.33 -89.56 -0.25 50.19 0.7957 0.1532 -0.1418 -0.5687 3 0 0 3 379 0 0 0 0
1.41 0.87 -0.12 -114.19 15.63 10.50 0.8176 0.0853 -0.0951 -0.5615 3 0 0 3 208 0 0 0 0
0.85 -0.85 -1.50 -25.00 -0.69 16.75 0.8215 0.0624 -0.0740 -0.5619 3 0 0 3 80 0 0 0 0
1.63 -0.99 0.00 -60.38 48.69 37.88 0.8409 0.0681 -0.0552 -0.5340 3 0 0 3 0 0 0 0 0
0.52 -1.14 -0.33 -3.31 10.25 -11.88 0.8397 0.0676 -0.0305 -0.5380 3 0 0 3 0 0 0 0 0
0.34 -0.94 -0.56 4.94 9.75 4.00 0.8403 0.0430 -0.0225 -0.5400 2 0 0 3 0 0 0 0 0
0.34 -0.69 -0.30 6.75 3.81 22.69 0.8441 0.0789 -0.0010 -0.5303 2 0 0 3 0 0 0 0 0
-0.29 -0.53 -0.57 11.63 -12.63 24.87 0.8508 0.0776 -0.0101 -0.5197 2 0 0 3 0 0 0 0 0
0.24 -0.59 -0.61 6.12 -94.00 -36.38 0.8470 0.0712 -0.0407 -0.5251 2 0 0 3 112 0 0 0 0
-1.09 -2.03 -0.32 32.81 -26.69 -68.12 0.7749 0.0219 -0.0215 -0.6313 2 0 0 3 401 0 0 0 0
0.18 -0.56 -0.30 -1.37 0.94 0.31 0.7767 0.0287 -0.0280 -0.6285 2 0 0 3 710 0 0 0 0
0.17 -0.28 -0.37 1.69 0.19 -0.13 0.7784 0.0178 -0.0261 -0.6270 2 0 0 3 930 0 0 0 0
0.10 -0.20 -0.41 -2.00 0.06 0.06 0.7792 0.0140 -0.0258 -0.6261 2 0 0 3 1206 0 0 0 0
0.08 -0.16 -0.42 1.00 0.44 -0.13 0.7796 0.0112 -0.0253 -0.6257 3 0 0 3 1104 0 0 0 0
0.07 -0.17 -0.43 -1.75 0.06 0.13 0.7800 0.0106 -0.0251 -0.6252 3 0 0 3 816 0 0 0 0
0.06 -0.16 -0.43 0.50 0.06 0.00 0.7799 0.0103 -0.0252 -0.6253 3 0 0 3 670 0 0 0 0
0.07 -0.14 -0.41 -0.31 0.06 -0.06 0.7800 0.0096 -0.0250 -0.6252 3 0 0 3 376 0 0 0 0
0.08 -0.12 -0.42 -0.19 0.19 0.00 0.7800 0.0095 -0.0250 -0.6251 3 0 0 3 113 0 0 0 0
0.05 -0.13 -0.41 0.25 0.06 0.00 0.7803 0.0089 -0.0248 -0.6248 3 0 0 3 0 0 0 0 0
0.05 -0.13 -0.40 -0.88 0.00 0.06 0.7806 0.0086 -0.0248 -0.6245 3 0 0 3 482 0 0 0 0
0.04 -0.12 -0.40 0.31 0.00 0.06 0.7807 0.0084 -0.0248 -0.6244 3 0 0 3 1204 0 0 0 0
0.06 -0.12 -0.42 -0.25 0.25 -0.13 0.7809 0.0081 -0.0248 -0.6240 3 0 0 3 1382 0 0 0 0
0.04 -0.09 -0.45 -0.06 0.13 0.00 0.7817 0.0079 -0.0247 -0.6232 3 0 0 3 1535 0 0 0 0
0.04 -0.10 -0.41 0.13 -0.06 0.06 0.7817 0.0078 -0.0247 -0.6231 3 0 0 3 551 0 0 0 0
0.07 -0.12 -0.42 -0.81 0.06 0.06 0.7814 0.0075 -0.0247 -0.6235 3 0 0 3 0 0 0 0 0
0.05 -0.08 -0.44 -0.50 0.25 -0.06 0.7819 0.0074 -0.0246 -0.6228 3 0 0 3 0 0 0 0 0
0.07 -0.13 -0.39 -1.12 0.13 0.13 0.7819 0.0073 -0.0245 -0.6228 3 0 0 3 682 0 0 0 0
0.03 -0.08 -0.42 -0.44 0.13 0.06 0.7823 0.0073 -0.0245 -0.6224 3 0 0 3 1771 0 0 0 0
0.03 -0.09 -0.42 0.00 0.13 0.13 0.7830 0.0073 -0.0245 -0.6216 3 0 0 3 1610 0 0 0 0
0.04 -0.08 -0.41 -0.25 0.13 0.06 0.7828 0.0073 -0.0245 -0.6218 3 0 0 3 0 0 0 0 0
0.04 -0.07 -0.43 0.50 0.06 0.00 0.7823 0.0073 -0.0245 -0.6223 3 0 0 3 0 0 0 0 0
0.08 -0.10 -0.39 0.00 0.13 0.06 0.7823 0.0073 -0.0244 -0.6223 3 0 0 3 0 0 0 0 0
0.06 -0.11 -0.39 -0.25 0.44 0.00 0.7818 0.0072 -0.0244 -0.6230 3 0 0 3 0 0 0 0 0
0.06 -0.13 -0.38 -2.00 0.00 0.13 0.7818 0.0069 -0.0242 -0.6230 3 0 0 3 0 0 0 0 0
0.05 -0.06 -0.44 -1.81 0.19 0.13 0.7819 0.0069 -0.0242 -0.6229 3 0 0 3 0 0 0 0 0
0.04 -0.10 -0.43 0.13 0.06 -0.13 0.7814 0.0069 -0.0242 -0.6235 3 0 0 3 0 0 0 0 0
0.02 -0.13 -0.42 -1.62 0.25 0.06 0.7814 0.0068 -0.0241 -0.6235 3 0 0 3 0 0 0 0 0
0.01 -0.14 -0.36 -2.81 0.69 0.31 0.7812 0.0065 -0.0240 -0.6237 3 0 0 3 0 0 0 0 0
0.02 -0.18 -0.34 -3.69 0.94 0.37 0.7807 0.0063 -0.0238 -0.6244 3 0 0 3 0 0 0 0 0
0.04 -0.17 -0.34 -2.87 0.75 0.25 0.7809 0.0065 -0.0238 -0.6241 3 0 0 3 0 0 0 0 0
0.36 -0.18 -0.37 -0.81 -3.69 1.31 0.7808 0.0063 -0.0234 -0.6243 3 0 0 3 0 0 0 0 0
0.31 0.03 -0.46 1.94 0.13 1.37 0.7807 0.0065 -0.0233 -0.6245 3 0 0 3 0 0 0 0 0
0.08 -0.06 -0.41 1.69 0.88 -0.44 0.7807 0.0064 -0.0233 -0.6245 3 0 0 3 0 0 0 0 0
0.04 -0.03 -0.46 1.44 0.13 0.25 0.7806 0.0066 -0.0234 -0.6245 3 0 0 3 0 710 0 0 0
0.01 -0.07 -0.40 1.37 -0.44 0.19 0.7807 0.0064 -0.0231 -0.6244 3 0 0 3 0 1344 0 0 0
0.08 -0.03 -0.45 1.12 -0.13 -0.25 0.7807 0.0064 -0.0231 -0.6244 3 0 0 3 0 2181 0 0 0
0.07 -0.05 -0.41 0.31 -0.06 0.00 0.7807 0.0063 -0.0231 -0.6244 3 0 0 3 0 2851 0 0 0
0.05 -0.11 -0.40 -1.62 0.19 0.25 0.7807 0.0062 -0.0229 -0.6245 3 0 0 3 0 3094 0 0 0
0.06 -0.06 -0.42 -0.44 0.06 0.13 0.7807 0.0062 -0.0229 -0.6245 3 0 0 3 0 3121 0 0 0
0.06 -0.08 -0.39 -0.13 -0.13 0.13 0.7807 0.0062 -0.0229 -0.6245 3 0 0 3 0 2378 684 0 0
0.07 -0.07 -0.41 -0.13 0.00 0.06 0.7807 0.0063 -0.0230 -0.6244 3 0 0 3 0 0 2731 0 0
0.06 -0.09 -0.42 0.13 0.19 0.13 0.7807 0.0063 -0.0230 -0.6244 3 0 0 3 0 0 3243 0 0
0.08 -0.04 -0.40 0.25 0.00 0.00 0.7807 0.0062 -0.0229 -0.6245 3 0 0 3 0 0 3583 0 0
0.07 -0.04 -0.43 1.37 0.25 0.06 0.7807 0.0062 -0.0229 -0.6245 3 0 0 3 0 0 3611 0 0
0.04 -0.15 -0.39 -0.19 0.19 -0.31 0.7807 0.0062 -0.0229 -0.6245 3 0 0 3 0 0 0 0 0
0.05 -0.09 -0.43 -0.62 0.37 0.19 0.7807 0.0062 -0.0229 -0.6245 3 0 0 3 0 0 0 0 0
0.02 -0.14 -0.36 -3.44 0.88 0.44 0.7808 0.0059 -0.0228 -0.6244 3 0 0 3 0 0 0 0 0
0.04 -0.13 -0.36 -1.50 0.00 0.37 0.7808 0.0059 -0.0227 -0.6243 3 0 0 3 0 0 0 0 0
0.05 -0.04 -0.42 0.31 -0.06 0.19 0.7808 0.0060 -0.0228 -0.6243 3 0 0 3 0 0 0 0 0
0.05 -0.06 -0.43 0.37 -0.25 -0.06 0.7808 0.0059 -0.0226 -0.6243 3 0 0 3 0 0 0 0 0
0.06 -0.07 -0.41 -0.37 0.13 0.00 0.7808 0.0058 -0.0226 -0.6243 3 0 0 3 0 0 0 0 0
0.04 -0.10 -0.39 -1.44 0.25 0.19 0.7808 0.0057 -0.0226 -0.6243 3 0 0 3 0 0 0 1736 0
0.03 -0.05 -0.41 -1.87 -0.31 0.19 0.7808 0.0057 -0.0226 -0.6243 3 0 0 3 0 0 0 1504 0
0.06 -0.08 -0.38 -1.19 -0.06 0.19 0.7808 0.0056 -0.0225 -0.6243 3 0 0 3 0 0 0 0 0
0.08 -0.04 -0.43 0.13 -0.13 -0.06 0.7808 0.0057 -0.0226 -0.6243 3 0 0 3 0 0 0 0 0
0.07 -0.06 -0.40 -1.12 0.13 0.13 0.7808 0.0057 -0.0225 -0.6243 3 0 0 3 0 0 2613 0 0
0.04 -0.03 -0.44 1.50 -0.13 -0.06 0.7808 0.0057 -0.0225 -0.6243 3 0 0 3 0 0 3415 0 0
0.07 -0.12 -0.38 -0.50 -0.13 0.31 0.7808 0.0055 -0.0224 -0.6243 3 0 0 3 0 0 3111 0 0
0.07 -0.02 -0.40 1.44 -0.25 -0.13 0.7808 0.0056 -0.0224 -0.6243 3 0 0 3 0 0 0 0 0
0.05 -0.06 -0.41 -0.13 0.00 0.13 0.7808 0.0055 -0.0223 -0.6243 3 0 0 3 0 0 0 0 2105
0.05 -0.04 -0.43 0.00 -0.06 0.00 0.7808 0.0054 -0.0223 -0.6243 3 0 0 3 0 0 0 0 2767
0.06 -0.07 -0.36 -0.37 0.00 0.06 0.7808 0.0054 -0.0223 -0.6243 3 0 0 3 0 0 0 0 0
0.05 -0.08 -0.41 0.25 0.00 -0.06 0.7808 0.0054 -0.0223 -0.6243 3 0 0 3 0 0 0 0 0
0.04 -0.05 -0.41 -0.56 0.13 0.00 0.7808 0.0054 -0.0223 -0.6243 3 0 0 3 0 0 0 0 0
0.06 0.00 -0.45 -0.19 0.25 0.25 0.7808 0.0055 -0.0223 -0.6243 3 0 0 3 0 0 0 0 0
0.06 -0.04 -0.39 -0.44 0.06 0.06 0.7808 0.0054 -0.0223 -0.6243 3 0 0 3 0 0 0 0 0
0.08 0.02 -0.47 1.44 -0.44 -0.13 0.7808 0.0054 -0.0223 -0.6243 3 0 0 3 0 0 0 918 0
0.08 0.00 -0.45 2.44 -0.25 -0.13 0.7808 0.0053 -0.0222 -0.6243 3 0 0 3 0 0 0 2637 0
0.07 0.01 -0.43 1.12 -0.25 -0.06 0.7808 0.0052 -0.0222 -0.6243 3 0 0 3 0 0 0 2151 0
0.06 -0.08 -0.38 0.81 0.00 -0.06 0.7808 0.0053 -0.0223 -0.6243 3 0 0 3 0 0 0 0 0
0.08 -0.17 -0.30 -4.25 0.50 1.31 0.7809 0.0046 -0.0218 -0.6242 3 0 0 3 0 0 0 0 0
0.08 -0.14 -0.38 -2.31 0.44 0.19 0.7810 0.0048 -0.0220 -0.6241 3 0 0 3 0 0 0 0 0
0.02 -0.04 -0.41 -2.19 -0.37 0.25 0.7810 0.0048 -0.0220 -0.6241 3 0 0 3 0 0 0 0 0
0.02 -0.08 -0.41 -1.25 0.50 0.00 0.7810 0.0048 -0.0220 -0.6241 3 0 0 3 0 0 0 0 0
-0.01 -0.04 -0.42 0.50 0.37 0.62 0.7810 0.0048 -0.0220 -0.6241 3 0 0 3 0 0 2311 0 0
0.28 -0.02 -0.40 -0.81 7.87 46.56 0.7930 0.0063 -0.0204 -0.6088 3 0 0 3 0 0 2817 0 0
0.12 -0.05 -0.41 -0.06 0.19 0.06 0.7963 0.0059 -0.0200 -0.6046 3 0 0 3 0 0 3023 0 0
0.11 -0.05 -0.41 -0.69 -0.06 0.06 0.7963 0.0057 -0.0201 -0.6046 3 0 0 3 0 0 3153 0 0
0.09 -0.01 -0.45 0.69 0.19 0.19 0.7963 0.0057 -0.0202 -0.6046 3 0 0 3 0 0 3191 0 0
0.09 -0.03 -0.40 0.25 -0.13 0.00 0.7963 0.0054 -0.0203 -0.6046 3 0 0 3 0 1997 2995 0 0
0.07 -0.04 -0.38 0.19 -0.06 -0.06 0.7963 0.0052 -0.0203 -0.6046 3 0 0 3 0 2765 0 0 0
0.10 -0.05 -0.43 0.37 -0.06 -0.06 0.7963 0.0051 -0.0203 -0.6046 3 0 0 3 0 3219 0 0 0
0.10 0.00 -0.43 1.56 -0.50 -0.06 0.7963 0.0051 -0.0204 -0.6046 3 0 0 3 0 3347 0 0 0
0.08 -0.05 -0.40 -0.06 0.31 0.13 0.7963 0.0048 -0.0204 -0.6046 3 0 0 3 0 3342 0 0 0
0.07 -0.03 -0.42 -0.31 0.13 0.06 0.7963 0.0048 -0.0205 -0.6046 3 0 0 3 0 3309 0 0 0
0.06 -0.03 -0.39 -0.25 0.13 0.06 0.7963 0.0046 -0.0205 -0.6046 3 0 0 3 0 3375 0 0 0
0.07 -0.02 -0.43 -0.13 -0.06 0.06 0.7963 0.0046 -0.0206 -0.6046 3 0 0 3 0 3211 0 0 0
0.09 -0.02 -0.40 0.06 -0.06 0.06 0.7963 0.0045 -0.0206 -0.6046 3 0 0 3 0 0 0 0 0
0.04 -0.02 -0.41 -1.19 0.13 0.06 0.7963 0.0043 -0.0206 -0.6046 3 0 0 3 0 0 0 0 0
0.04 -0.07 -0.40 -0.81 0.00 0.00 0.7963 0.0042 -0.0204 -0.6046 3 0 0 3 0 0 0 1170 0
0.06 -0.05 -0.36 -0.81 0.06 0.19 0.7963 0.0040 -0.0203 -0.6046 3 0 0 3 0 0 0 2190 0
0.06 0.00 -0.41 -0.44 0.13 0.06 0.7963 0.0040 -0.0204 -0.6046 3 0 0 3 0 0 0 2801 0
0.09 -0.03 -0.41 0.06 0.19 -0.06 0.7963 0.0040 -0.0203 -0.6046 3 0 0 3 0 0 0 2955 0
0.08 0.00 -0.42 -1.00 0.19 0.13 0.7963 0.0039 -0.0203 -0.6046 3 0 0 3 0 0 0 2981 0
0.06 -0.02 -0.44 -0.25 0.00 0.00 0.7963 0.0039 -0.0203 -0.6046 3 0 0 3 0 0 0 2587 0
0.05 -0.03 -0.41 0.06 0.19 0.06 0.7963 0.0039 -0.0203 -0.6046 3 0 0 3 0 0 0 1703 0
0.06 -0.04 -0.41 -0.13 0.13 0.13 0.7963 0.0039 -0.0203 -0.6046 3 0 0 3 0 0 0 0 0
0.06 -0.03 -0.42 -0.13 0.00 0.00 0.7963 0.0039 -0.0203 -0.6046 3 0 0 3 0 0 0 0 0
0.05 0.00 -0.41 -0.13 -0.06 0.13 0.7963 0.0039 -0.0203 -0.6046 3 0 0 3 0 0 0 0 0
0.06 0.00 -0.46 -0.69 0.13 0.00 0.7963 0.0038 -0.0203 -0.6046 3 0 0 3 0 0 0 0 0
0.08 -0.05 -0.42 -1.06 0.25 0.06 0.7963 0.0038 -0.0202 -0.6046 3 0 0 3 0 0 0 0 0
0.07 0.00 -0.43 -1.94 0.13 0.00 0.7963 0.0036 -0.0200 -0.6046 3 0 0 3 0 0 0 0 0
0.07 0.01 -0.44 -1.25 0.06 -0.13 0.7963 0.0036 -0.0200 -0.6046 3 0 0 3 0 0 0 0 0
0.06 -0.01 -0.44 0.06 0.25 0.00 0.7963 0.0035 -0.0199 -0.6046 3 0 0 3 0 0 0 0 0
0.07 0.01 -0.39 0.31 0.00 0.06 0.7963 0.0035 -0.0199 -0.6046 3 0 0 3 0 0 0 0 0
0.08 -0.05 -0.42 0.06 0.13 -0.06 0.7963 0.0035 -0.0200 -0.6046 3 0 0 3 0 0 0 0 2123
0.03 -0.01 -0.39 0.06 -0.13 0.13 0.7963 0.0035 -0.0199 -0.6046 3 0 0 3 0 0 0 0 2750
0.07 0.00 -0.39 0.25 0.06 -0.06 0.7963 0.0035 -0.0199 -0.6046 3 0 0 3 0 0 0 0 2994
0.06 0.00 -0.40 0.06 0.06 0.06 0.7963 0.0035 -0.0199 -0.6046 3 0 0 3 0 0 0 0 3127
0.07 -0.02 -0.40 -0.31 0.06 0.00 0.7963 0.0035 -0.0199 -0.6046 3 0 0 3 0 0 0 0 3238
0.07 0.00 -0.44 -0.06 -0.25 -0.06 0.7963 0.0035 -0.0199 -0.6046 3 0 0 3 0 0 0 0 3299
0.07 0.00 -0.43 0.13 0.00 0.00 0.7963 0.0035 -0.0199 -0.6046 3 0 0 3 0 0 0 0 2815
0.06 0.00 -0.41 -0.25 -0.13 0.06 0.7963 0.0035 -0.0199 -0.6046 3 0 0 3 0 0 0 0 188
0.07 0.00 -0.44 0.13 0.13 0.06 0.7963 0.0035 -0.0199 -0.6046 3 0 0 3 0 0 0 0 0
0.05 0.00 -0.44 -0.31 0.19 -0.06 0.7963 0.0035 -0.0199 -0.6046 3 0 0 3 0 0 0 0 0
0.08 -0.01 -0.41 0.44 -0.13 0.00 0.7963 0.0034 -0.0198 -0.6046 3 0 0 3 0 0 0 0 0
0.10 0.00 -0.43 0.62 -0.13 0.00 0.7963 0.0034 -0.0198 -0.6046 3 0 0 3 0 0 0 0 0
0.07 0.00 -0.41 0.06 0.13 0.00 0.7963 0.0033 -0.0198 -0.6046 3 0 0 3 0 0 0 0 1957
0.04 -0.01 -0.43 -0.13 -0.13 0.00 0.7963 0.0033 -0.0198 -0.6046 3 0 0 3 0 0 0 0 2751
0.08 0.00 -0.40 -0.06 0.06 0.00 0.7963 0.0033 -0.0198 -0.6046 3 0 0 3 0 0 0 0 3115
0.06 0.00 -0.39 -0.44 0.37 0.13 0.7963 0.0033 -0.0198 -0.6046 3 0 0 3 0 0 0 0 3263
0.08 -0.02 -0.43 0.25 0.19 0.06 0.7963 0.0033 -0.0198 -0.6046 3 0 0 3 0 0 0 0 3285
0.05 -0.02 -0.42 0.00 0.00 -0.13 0.7963 0.0033 -0.0198 -0.6046 3 0 0 3 0 0 0 0 2939
0.08 -0.01 -0.41 -0.13 0.19 0.06 0.7963 0.0033 -0.0198 -0.6046 3 0 0 3 0 0 0 0 0
0.08 0.00 -0.40 -0.06 0.13 0.06 0.7963 0.0033 -0.0198 -0.6046 3 0 0 3 0 0 0 0 0
0.06 -0.03 -0.40 -0.25 -0.13 0.06 0.7963 0.0033 -0.0198 -0.6046 3 0 0 3 0 0 0 0 0
0.08 0.04 -0.47 1.94 -0.31 -0.19 0.7963 0.0032 -0.0197 -0.6046 3 0 0 3 0 0 0 0 0
0.05 0.00 -0.43 0.06 -0.06 -0.06 0.7963 0.0031 -0.0195 -0.6046 3 0 0 3 0 0 0 0 0
0.06 0.02 -0.42 0.56 0.37 0.00 0.7963 0.0031 -0.0195 -0.6046 3 0 0 3 0 0 0 0 0
0.05 0.00 -0.42 0.06 0.00 0.00 0.7963 0.0029 -0.0195 -0.6046 3 0 0 3 0 0 0 0 0
0.06 -0.02 -0.38 -0.50 0.00 0.13 0.7963 0.0029 -0.0195 -0.6046 3 0 0 3 0 0 0 0 0
0.91 1.29 0.15 145.62 -35.44 56.56 0.7824 -0.0254 0.0206 -0.6219 3 0 0 3 0 0 0 0 0
0.71 1.24 0.12 -64.75 11.88 0.31 0.7796 -0.0500 0.0463 -0.6226 3 0 0 3 0 0 0 0 0
-0.04 -0.16 0.11 -132.37 -3.87 -13.19 0.7629 -0.1389 0.1331 -0.6171 3 0 0 3 0 0 0 0 0
-0.17 -0.03 0.00 37.31 -7.06 4.50 0.7659 -0.1396 0.1277 -0.6145 3 0 0 3 0 0 0 0 0
-0.20 0.08 -0.07 -18.00 -2.87 -4.44 0.7659 -0.1397 0.1248 -0.6151 3 0 0 3 0 0 0 0 0
0.79 0.15 0.06 8.50 -10.50 9.50 0.7692 -0.1404 0.1169 -0.6123 3 0 0 3 0 0 0 0 0
0.27 0.19 -0.03 -1.25 -1.62 -12.75 0.7651 -0.1433 0.1138 -0.6174 3 0 0 3 0 0 0 0 0
0.13 0.12 0.06 6.62 -1.19 -7.87 0.7608 -0.1456 0.1127 -0.6223 3 0 0 3 0 0 0 0 0
0.13 0.10 0.01 10.38 -1.31 -3.94 0.7608 -0.1426 0.1069 -0.6241 3 0 0 3 0 0 0 0 0
-0.08 0.07 0.01 5.00 -3.87 -1.50 0.7612 -0.1417 0.1040 -0.6242 3 0 0 3 0 0 0 0 0
-0.16 0.22 0.00 4.37 -6.62 4.31 0.7621 -0.1417 0.0993 -0.6240 3 0 0 3 0 0 0 0 0
0.05 0.05 -0.09 8.94 -7.75 4.00 0.7653 -0.1418 0.0919 -0.6212 3 0 0 3 0 0 0 0 0
-0.10 0.11 -0.01 8.81 2.06 -0.50 0.7664 -0.1369 0.0875 -0.6215 3 0 0 3 0 0 0 0 0
-0.07 0.08 -0.09 6.25 -3.19 2.87 0.7682 -0.1342 0.0837 -0.6203 3 0 0 3 0 0 0 0 0
0.04 0.05 -0.09 -1.87 -4.12 2.00 0.7700 -0.1341 0.0807 -0.6186 3 0 0 3 0 0 0 0 0
0.01 0.07 -0.09 1.56 -1.87 -0.88 0.7700 -0.1347 0.0804 -0.6185 3 0 0 3 0 0 0 0 0
0.01 0.07 -0.04 -0.06 -1.44 0.19 0.7704 -0.1349 0.0793 -0.6181 3 0 1 3 0 0 0 0 0
0.00 0.07 0.00 0.94 0.00 -0.25 0.7705 -0.1346 0.0787 -0.6180 3 0 1 3 0 0 0 0 0
0.01 0.09 0.00 2.06 -0.13 0.00 0.7706 -0.1338 0.0781 -0.6182 3 0 1 3 0 0 0 0 0
0.00 0.06 -0.02 0.88 0.56 -0.62 0.7708 -0.1331 0.0781 -0.6182 3 0 1 3 0 0 0 0 0
0.00 0.08 -0.01 2.44 -3.06 -1.00 0.7704 -0.1327 0.0764 -0.6188 3 0 1 3 0 0 0 0 0
-0.01 0.04 -0.01 1.50 -1.12 -0.25 0.7706 -0.1331 0.0750 -0.6187 3 0 1 3 0 0 0 0 0
0.00 0.07 -0.05 5.87 -2.06 -0.75 0.7709 -0.1319 0.0717 -0.6190 3 0 1 3 0 0 0 0 0
0.00 0.03 -0.01 5.56 -2.75 -0.44 0.7711 -0.1304 0.0694 -0.6193 3 0 1 3 0 0