 0 0 0 0 0
0.01 -0.18 0.00 0.25 0.06 0.00 0.9195 0.0784 -0.0616 -0.3802 3 3 1 3 0 0 0 0 0
0.00 -0.15 0.01 0.19 0.13 -0.06 0.9195 0.0784 -0.0616 -0.3802 3 3 1 3 0 0 0 0 0
0.01 -0.16 0.02 0.06 -0.19 0.00 0.9195 0.0784 -0.0616 -0.3802 3 3 1 3 0 0 0 0 0
0.01 -0.16 0.01 0.13 0.06 -0.06 0.9195 0.0784 -0.0616 -0.3802 3 3 1 3 0 0 0 0 0
0.00 -0.15 0.01 0.06 -0.13 0.06 0.9195 0.0784 -0.0616 -0.3802 3 3 1 3 0 0 0 0 0
0.01 -0.16 -0.01 -0.06 -0.06 0.06 0.9195 0.0784 -0.0616 -0.3802 3 3 1 3 0 0 0 0 0
0.00 -0.16 0.02 0.25 0.19 -0.06 0.9195 0.0784 -0.0616 -0.3802 3 3 1 3 0 0 0 0 0
0.01 -0.16 0.01 -0.06 -0.13 0.00 0.9195 0.0784 -0.0616 -0.3802 3 3 1 3 0 0 0 0 0
0.01 -0.15 0.02 0.00 0.13 0.00 0.9195 0.0784 -0.0616 -0.3802 3 3 1 3 0 0 0 0 0
0.01 -0.16 0.01 -0.19 -0.06 0.06 0.9195 0.0784 -0.0616 -0.3802 3 3 1 3 0 0 0 0 0
0.01 -0.14 0.02 -0.06 -0.06 -0.06 0.9195 0.0784 -0.0616 -0.3802 3 3 1 3 0 0 0 0 0
0.01 -0.17 0.04 -0.06 0.06 0.00 0.9195 0.0784 -0.0616 -0.3802 3 3 1 3 0 0 0 0 0
0.00 -0.16 0.01 -0.06 0.06 0.00 0.9195 0.0784 -0.0616 -0.3802 3 3 1 3 0 0 0 0 0
0.00 -0.16 0.01 0.00 0.00 0.00 0.9195 0.0784 -0.0616 -0.3802 3 3 1 3 0 0 0 0 0
0.01 -0.15 0.02 0.19 0.19 0.06 0.9195 0.0784 -0.0616 -0.3802 3 3 1 3 0 0 0 0 0
0.00 -0.17 0.00 0.00 -0.19 0.06 0.9195 0.0784 -0.0616 -0.3802 3 3 1 3 0 0 0 0 0
0.01 -0.16 0.01 0.06 0.06 -0.13 0.9195 0.0784 -0.0616 -0.3802 3 3 1 3 0 0 0 0 0
0.00 -0.15 0.02 0.00 -0.19 -0.06 0.9195 0.0784 -0.0616 -0.3802 3 3 1 3 0 0 0 0 0
0.00 -0.16 0.00 -0.13 0.00 0.13 0.9195 0.0784 -0.0616 -0.3802 3 3 1 3 0 0 0 0 0
0.00 -0.15 0.02 0.25 -0.06 -0.13 0.9195 0.0784 -0.0616 -0.3802 3 3 1 3 0 0 0 0 0
0.00 -0.16 0.00 0.44 0.06 -0.25 0.9195 0.0784 -0.0616 -0.3802 3 3 1 3 0 0 0 0 0
0.00 -0.17 0.01 0.44 0.00 -0.13 0.9196 0.0783 -0.0616 -0.3802 3 3 1 3 0 0 0 0 0
-0.01 -0.16 0.00 -0.19 0.06 0.00 0.9196 0.0783 -0.0616 -0.3802 3 3 1 3 0 0 0 0 0
0.00 -0.17 0.08 -0.50 -0.06 0.06 0.9195 0.0784 -0.0616 -0.3802 3 3 1 3 0 0 0 0 0
0.01 -0.18 0.00 -0.25 -0.31 -0.06 0.9195 0.0784 -0.0616 -0.3802 3 3 1 3 0 0 0 0 0
0.00 -0.17 0.03 0.00 -0.25 0.00 0.9195 0.0784 -0.0616 -0.3802 3 3 1 3 0 0 0 0 0
0.00 -0.16 0.00 0.06 -0.19 -0.06 0.9195 0.0784 -0.0616 -0.3802 3 3 1 3 0 0 0 0 0
0.00 -0.15 0.02 0.00 0.00 0.00 0.9195 0.0784 -0.0616 -0.3802 3 3 1 3 0 0 0 0 0
0.01 -0.18 0.03 -0.06 -0.13 0.00 0.9195 0.0784 -0.0616 -0.3802 3 3 1 3 0 0 0 0 0
0.01 -0.18 0.01 -0.19 -0.13 0.06 0.9195 0.0784 -0.0616 -0.3802 3 3 1 3 0 0 0 0 0
0.01 -0.17 0.04 -0.25 -0.19 -0.06 0.9195 0.0784 -0.0616 -0.3802 3 3 1 3 0 0 0 0 0
0.00 -0.18 -0.01 0.31 0.06 -0.13 0.9195 0.0784 -0.0616 -0.3802 3 3 1 3 0 0 0 0 0
0.02 -0.17 0.04 0.25 0.06 0.00 0.9195 0.0784 -0.0616 -0.3802 3 3 1 3 0 0 0 0 0
-0.01 -0.16 0.03 -0.19 -0.13 0.06 0.9195 0.0784 -0.0616 -0.3802 3 3 1 3 0 0 0 0 0
0.00 -0.14 0.01 0.06 0.00 -0.06 0.9195 0.0784 -0.0616 -0.3802 3 3 1 3 0 0 0 0 0
0.01 -0.15 0.03 0.13 0.13 0.06 0.9195 0.0784 -0.0616 -0.3802 3 3 1 3 0 0 0 0 0
0.01 -0.16 0.01 -0.06 0.00 0.06 0.9195 0.0784 -0.0616 -0.3802 3 3 1 3 0 0 0 0 0
0.00 -0.16 0.04 0.13 -0.13 -0.13 0.9195 0.0784 -0.0616 -0.3802 3 3 1 3 0 0 0 0 0
0.02 -0.15 0.01 -0.06 -0.13 -0.06 0.9195 0.0784 -0.0616 -0.3802 3 3 1 3 0 0 0 0 0
0.01 -0.15 0.03 0.00 -0.06 0.06 0.9195 0.0784 -0.0616 -0.3802 3 3 1 3 0 0 0 0 0
0.01 -0.16 0.01 0.13 -0.19 0.06 0.9195 0.0784 -0.0616 -0.3802 3 3 1 3 0 0 0 0 0
0.01 -0.15 0.03 0.00 -0.13 0.00 0.9195 0.0784 -0.0616 -0.3802 3 3 1 3 0 0 0 0 0
0.00 -0.15 0.02 0.00 0.00 0.06 0.9195 0.0784 -0.0616 -0.3802 3 3 1 3 0 0 0 0 0
0.01 -0.16 0.02 0.06 0.00 0.00 0.9195 0.0784 -0.0616 -0.3802 3 3 1 3 0 0 0 0 0
0.02 -0.14 0.02 0.06 0.06 0.00 0.9195 0.0784 -0.0616 -0.3802 3 3 1 3 0 0 0 0 0
0.00 -0.14 0.03 -0.13 -0.13 0.06 0.9195 0.0784 -0.0616 -0.3802 3 3 1 3 0 0 0 0 0
0.00 -0.17 0.00 0.06 0.00 0.13 0.9195 0.0784 -0.0616 -0.3802 3 3 1 3 0 0 0 0 0
0.00 -0.16 0.01 0.13 0.06 0.06 0.9195 0.0784 -0.0616 -0.3802 3 3 1 3 0 0 0 0 0
0.02 -0.16 0.02 -0.06 0.00 0.06 0.9195 0.0784 -0.0616 -0.3802 3 3 1 3 0 0 0 0 0
0.02 -0.16 0.03 0.06 0.00 -0.06 0.9195 0.0784 -0.0616 -0.3802 3 3 1 3 0 0 0 0 0
0.01 -0.16 0.01 0.00 0.25 0.00 0.9195 0.0784 -0.0616 -0.3802 3 3 1 3 0 0 0 0 0
0.00 -0.16 0.01 0.00 0.00 0.00 0.9195 0.0784 -0.0616 -0.3802 3 3 1 3 0 0 0 0 0
0.01 -0.13 0.04 -0.13 0.00 -0.06 0.9195 0.0784 -0.0616 -0.3802 3 3 1 3 0 0 0 0 0
0.00 -0.17 0.01 0.00 -0.13 0.00 0.9195 0.0784 -0.0616 -0.3802 3 3 1 3 0 0 0 0 0
0.00 -0.16 0.01 0.00 -0.13 0.00 0.9195 0.0784 -0.0616 -0.3802 3 3 1 3 0 0 0 0 0
0.00 -0.16 0.03 0.31 0.00 0.00 0.9195 0.0784 -0.0616 -0.3802 3 3 1 3 0 0 0 0 0
0.01 -0.16 -0.01 -0.13 0.06 -0.06 0.9195 0.0784 -0.0616 -0.3802 3 3 1 3 0 0 0 0 0
0.00 -0.15 0.01 -0.06 0.00 -0.06 0.9195 0.0784 -0.0616 -0.3802 3 3 1 3 0 0 0 0 0
0.00 -0.17 0.02 0.13 0.19 -0.13 0.9195 0.0784 -0.0616 -0.3802 3 3 1 3 0 0 0 0 0
0.01 -0.17 0.02 0.06 0.13 -0.06 0.9195 0.0784 -0.0616 -0.3802 3 3 1 3 0 0 0 0 0
0.01 -0.16 0.04 0.06 0.06 0.00 0.9195 0.0784 -0.0616 -0.3802 3 3 1 3 0 0 0 0 0
0.01 -0.17 0.03 0.06 -0.19 0.00 0.9195 0.0784 -0.0616 -0.3802 3 3 1 3 0 0 0 0 0
0.01 -0.19 0.01 -0.19 -0.13 0.00 0.9195 0.0784 -0.0616 -0.3802 3 3 1 3 0 0 0 0 0
0.01 -0.16 0.03 0.00 -0.06 -0.06 0.9195 0.0784 -0.0616 -0.3802 3 3 1 3 0 0 0 0 0
0.00 -0.16 0.00 0.06 -0.06 -0.13 0.9195 0.0784 -0.0616 -0.3802 3 3 1 3 0 0 0 0 0
0.01 -0.14 0.01 -0.06 -0.06 -0.06 0.9195 0.0784 -0.0616 -0.3802 3 3 1 3 0 0 0 0 0
0.00 -0.16 0.03 -0.06 -0.13 0.13 0.9195 0.0784 -0.0616 -0.3802 3 3 1 3 0 0 0 0 0
0.00 -0.16 0.01 0.00 -0.06 0.00 0.9195 0.0784 -0.0616 -0.3802 3 3 1 3 0 0 0 0 0
0.00 -0.15 0.04 0.13 0.00 0.06 0.9195 0.0784 -0.0616 -0.3802 3 3 1 3 0 0 0 0 0
0.00 -0.17 -0.01 0.19 0.00 0.06 0.9195 0.0784 -0.0616 -0.3802 3 3 1 3 0 0 0 0 0
0.00 -0.16 0.03 0.00 0.00 0.06 0.9195 0.0784 -0.0616 -0.3802 3 3 1 3 0 0 0 0 0
0.01 -0.17 0.01 0.00 0.06 -0.06 0.9195 0.0784 -0.0616 -0.3802 3 3 1 3 0 0 0 0 0
0.00 -0.18 0.00 -0.06 0.06 0.13 0.9195 0.0784 -0.0616 -0.3802 3 3 1 3 0 0 0 0 0
0.01 -0.14 0.04 0.00 0.00 0.06 0.9195 0.0784 -0.0616 -0.3802 3 3 1 3 0 0 0 0 0
0.00 -0.14 0.02 -0.06 0.00 0.19 0.9195 0.0784 -0.0616 -0.3802 3 3 1 3 0 0 0 0 0
0.00 -0.16 0.03 0.00 -0.25 0.06 0.9195 0.0784 -0.0616 -0.3802 3 3 1 3 0 0 0 0 0
0.00 -0.16 0.02 0.19 0.19 0.00 0.9195 0.0784 -0.0616 -0.3802 3 3 1 3 0 0 0 0 0
0.00 -0.18 -0.01 0.00 -0.13 0.06 0.9195 0.0784 -0.0616 -0.3802 3 3 1 3 0 0 0 0 0
0.01 -0.17 0.02 0.06 -0.06 0.00 0.9195 0.0784 -0.0616 -0.3802 3 3 1 3 0 0 0 0 0
0.01 -0.16 0.05 -0.31 -0.06 0.06 0.9195 0.0784 -0.0616 -0.3802 3 3 1 3 0 0 0 0 0
0.01 -0.16 0.00 0.00 -0.13 -0.06 0.9195 0.0784 -0.0616 -0.3802 3 3 1 3 0 0 0 0 0
0.00 -0.16 0.03 0.13 0.13 0.13 0.9195 0.0784 -0.0616 -0.3802 3 3 1 3 0 0 0 0 0
0.01 -0.18 0.04 0.00 0.00 0.13 0.9195 0.0784 -0.0616 -0.3802 3 3 1 3 0 0 0 0 0
0.00 -0.14 0.00 0.19 0.00 0.13 0.9195 0.0784 -0.0616 -0.3802 3 3 1 3 0 0 0 0 0
0.00 -0.17 0.02 -0.06 0.19 0.06 0.9195 0.0784 -0.0616 -0.3802 3 3 1 3 0 0 0 0 0
0.01 -0.14 0.00 -0.06 0.13 0.00 0.9195 0.0784 -0.0616 -0.3802 3 3 1 3 0 0 0 0 0
0.00 -0.15 0.04 0.13 0.00 0.00 0.9195 0.0784 -0.0616 -0.3802 3 3 1 3 0 0 0 0 0
0.00 -0.17 0.04 -0.13 -0.13 0.06 0.9195 0.0784 -0.0616 -0.3802 3 3 1 3 0 0 0 0 0
0.01 -0.17 0.00 0.00 -0.13 0.00 0.9195 0.0784 -0.0616 -0.3802 3 3 1 3 0 0 0 0 0
0.00 -0.16 0.02 -0.13 -0.13 0.00 0.9195 0.0784 -0.0616 -0.3802 3 3 1 3 0 0 0 0 0
0.00 -0.18 0.00 0.06 -0.31 0.13 0.9195 0.0784 -0.0616 -0.3802 3 3 1 3 0 0 0 0 0
0.00 -0.16 0.01 -0.25 0.13 -0.06 0.9195 0.0784 -0.0616 -0.3802 3 3 1 3 0 0 0 0 0
0.01 -0.16 0.02 0.06 0.19 -0.06 0.9195 0.0784 -0.0616 -0.3802 3 3 1 3 0 0 0 0 0
0.00 -0.18 -0.01 0.19 0.00 0.06 0.9195 0.0784 -0.0616 -0.3802 3 3 1 3 0 0 0 0 0
0.02 -0.17 0.05 -0.19 -0.13 0.13 0.9195 0.0784 -0.0616 -0.3802 3 3 1 3 0 0 0 0 0
0.00 -0.17 0.06 0.13 -0.25 0.06 0.9195 0.0784 -0.0616 -0.3802 3 3 1 3 0 0 0 0 0
-0.02 -0.14 -0.09 0.75 0.13 -0.13 0.9195 0.0786 -0.0617 -0.3802 3 3 1 3 0 0 0 0 0
0.00 -0.14 -0.09 1.50 0.13 -0.31 0.9195 0.0784 -0.0616 -0.3802 3 3 1 3 0 0 0 0 0
0.01 -0.17 0.03 -0.31 -0.31 0.19 0.9196 0.0783 -0.0615 -0.3802 3 3 1 3 0 0 0 0 0
0.02 -0.15 0.09 -0.56 -0.31 0.19 0.9196 0.0784 -0.0615 -0.3802 3 3 1 3 0 0 0 0 0
0.00 -0.16 0.00 0.00 0.06 0.13 0.9196 0.0784 -0.0615 -0.3802 3 3 1 3 0 0 0 0 0
0.00 -0.18 0.00 0.13 0.00 -0.06 0.9196 0.0784 -0.0615 -0.3802 3 3 1 3 0 0 0 0 0
0.02 -0.16 0.03 -0.13 -0.13 0.19 0.9196 0.0784 -0.0615 -0.3802 3 3 1 3 0 0 0 0 0
0.00 -0.13 0.02 0.00 -0.31 0.13 0.9196 0.0784 -0.0615 -0.3802 3 3 1 3 0 0 0 0 0
0.20 -0.19 -0.13 -1.87 -1.00 0.19 0.9195 0.0784 -0.0616 -0.3802 3 3 1 3 0 0 0 0 0
0.09 -0.17 0.04 -1.69 -0.69 0.13 0.9196 0.0781 -0.0616 -0.3801 3 3 1 3 0 0 0 0 0
-0.02 -0.17 0.06 0.81 0.25 -0.06 0.9196 0.0778 -0.0616 -0.3801 3 3 1 3 0 0 0 0 0
0.00 -0.14 0.03 1.75 0.37 -0.19 0.9196 0.0776 -0.0616 -0.3801 3 3 1 3 0 0 0 0 0
-0.02 -0.14 -0.04 1.62 0.56 -0.13 0.9197 0.0773 -0.0616 -0.3801 3 3 1 3 0 0 0 0 0
-0.01 -0.15 -0.01 -0.56 -0.31 0.13 0.9197 0.0773 -0.0616 -0.3800 3 3 1 3 0 0 0 0 0
0.02 -0.20 0.09 -1.19 -0.19 0.25 0.9197 0.0772 -0.0615 -0.3800 3 3 1 3 0 0 0 0 0
-0.01 -0.13 0.00 0.00 -0.13 0.00 0.9197 0.0773 -0.0616 -0.3800 3 3 1 3 0 0 0 0 0
-0.01 -0.14 -0.01 0.94 0.37 0.44 0.9198 0.0772 -0.0616 -0.3798 3 3 1 3 0 0 0 0 0
0.03 -0.25 0.13 -1.06 0.00 0.31 0.9243 0.0776 -0.0592 -0.3691 3 3 1 3 0 0 0 0 0
0.01 -0.15 0.04 0.56 -0.06 0.00 0.9243 0.0775 -0.0591 -0.3692 3 3 1 3 0 0 0 0 0
-0.01 -0.10 0.00 1.19 0.31 -0.13 0.9243 0.0773 -0.0592 -0.3692 3 3 1 3 0 0 0 0 0
0.00 -0.15 0.04 0.62 0.31 -0.25 0.9243 0.0765 -0.0591 -0.3692 3 3 1 3 0 0 0 0 0
0.00 -0.09 -0.02 1.00 0.06 -0.31 0.9243 0.0763 -0.0591 -0.3692 3 3 1 3 0 0 0 0 0
0.00 -0.09 0.00 -0.13 0.00 0.00 0.9243 0.0761 -0.0591 -0.3692 3 3 1 3 0 0 0 0 0
0.02 -0.16 0.04 -0.25 -0.06 0.19 0.9244 0.0759 -0.0591 -0.3692 3 3 1 3 0 0 0 0 0
0.01 -0.11 -0.02 0.69 0.06 -0.19 0.9244 0.0758 -0.0591 -0.3692 3 3 1 3 0 0 0 0 0
-0.02 -0.11 0.01 0.31 0.00 0.13 0.9244 0.0756 -0.0590 -0.3692 3 3 1 3 0 0 0 0 0
-0.13 -0.13 0.03 -1.37 0.00 1.19 0.9247 0.0750 -0.0587 -0.3686 3 3 1 3 0 0 0 0 0
-0.34 -0.04 -0.03 9.38 28.94 87.25 0.9382 0.0776 -0.0519 -0.3332 3 3 1 3 0 0 0 0 0
0.63 -0.12 -0.18 5.69 9.69 33.69 0.9549 0.0800 -0.0441 -0.2825 3 3 1 3 0 0 0 0 0
0.16 -0.16 0.08 -1.31 -0.44 0.25 0.9542 0.0799 -0.0445 -0.2850 3 3 1 3 0 0 0 0 0
0.18 -0.16 0.05 -0.69 -0.13 0.19 0.9539 0.0792 -0.0449 -0.2861 3 3 1 3 0 0 0 0 0
0.13 -0.09 0.01 0.44 0.13 0.13 0.9539 0.0787 -0.0453 -0.2862 3 3 1 3 0 0 0 0 0
0.19 -0.15 -0.02 -0.44 -0.13 0.13 0.9538 0.0786 -0.0456 -0.2863 3 3 1 3 0 0 0 0 0
0.16 -0.11 0.04 -0.19 -0.13 0.13 0.9538 0.0781 -0.0458 -0.2864 3 3 1 3 0 0 0 0 0
0.13 -0.08 0.04 -1.19 -0.25 0.25 0.9539 0.0780 -0.0461 -0.2862 3 3 1 3 0 0 0 0 0
0.07 -0.05 0.06 1.00 0.37 -0.31 0.9536 0.0778 -0.0466 -0.2872 3 3 1 3 0 0 0 0 0
0.09 -0.07 0.03 -0.69 -0.44 0.06 0.9536 0.0773 -0.0468 -0.2873 3 3 1 3 0 0 0 0 0
0.15 -0.11 -0.02 -0.37 -0.44 0.13 0.9536 0.0771 -0.0471 -0.2873 3 3 1 3 0 0 0 0 0
0.10 -0.05 -0.01 1.37 0.06 -0.25 0.9536 0.0768 -0.0472 -0.2871 3 3 1 3 0 0 0 0 0
0.10 -0.08 0.04 -0.88 -0.25 0.19 0.9536 0.0765 -0.0474 -0.2873 3 3 1 3 0 0 0 0 0
0.10 -0.06 0.00 0.06 -0.06 0.06 0.9535 0.0765 -0.0475 -0.2875 3 3 1 3 0 0 0 0 0
0.10 -0.04 0.02 -0.06 -0.06 0.06 0.9535 0.0764 -0.0477 -0.2877 3 3 1 3 0 0 0 0 0
0.10 -0.07 -0.01 -0.06 -0.06 0.06 0.9532 0.0761 -0.0479 -0.2886 3 3 1 3 0 0 0 0 0
0.08 -0.06 0.05 -0.06 0.00 0.00 0.9532 0.0760 -0.0480 -0.2885 3 3 1 3 0 0 0 0 0
0.09 -0.06 0.15 -0.75 0.06 0.13 0.9533 0.0759 -0.0481 -0.2883 3 3 1 3 0 0 0 0 0
0.03 -0.08 -0.18 2.12 0.50 -0.37 0.9531 0.0759 -0.0484 -0.2891 3 3 1 3 0 0 0 0 0
0.06 -0.04 -0.13 1.94 0.25 -0.25 0.9531 0.0759 -0.0485 -0.2890 3 3 1 3 0 0 0 0 0
0.05 -0.04 -0.03 1.12 0.19 -0.06 0.9531 0.0757 -0.0485 -0.2891 3 3 1 3 0 0 0 0 0
0.09 -0.06 0.00 -0.25 -0.19 0.13 0.9533 0.0758 -0.0484 -0.2883 3 3 1 3 0 0 0 0 0
0.10 -0.06 0.03 0.19 -0.25 0.13 0.9533 0.0758 -0.0484 -0.2883 3 3 1 3 0 0 0 0 0
0.09 -0.05 0.00 -0.06 -0.06 0.00 0.9534 0.0758 -0.0483 -0.2881 3 3 1 3 0 0 0 0 0
0.08 -0.07 0.00 -0.19 -0.13 0.06 0.9534 0.0758 -0.0483 -0.2881 3 3 1 3 0 0 0 0 0
0.09 -0.07 0.02 0.06 -0.31 0.00 0.9534 0.0758 -0.0483 -0.2881 3 3 1 3 0 0 0 0 0
0.08 -0.07 -0.02 0.00 0.19 0.00 0.9534 0.0758 -0.0483 -0.2881 3 3 1 3 0 0 0 0 0
0.11 -0.05 0.01 -0.06 -0.06 0.06 0.9534 0.0758 -0.0483 -0.2881 3 3 1 3 0 0 0 0 0
0.08 -0.05 0.00 0.06 -0.13 0.00 0.9534 0.0758 -0.0483 -0.2881 3 3 1 3 0 0 0 0 0
0.09 -0.04 -0.02 0.06 0.19 0.00 0.9534 0.0758 -0.0483 -0.2881 3 3 1 3 0 0 0 0 0
0.06 -0.05 0.02 0.19 0.13 -0.06 0.9534 0.0758 -0.0484 -0.2881 3 3 1 3 0 0 0 0 0
0.08 -0.05 -0.04 0.44 -0.13 -0.06 0.9534 0.0759 -0.0484 -0.2881 3 3 1 3 0 0 0 0 0
0.11 -0.07 0.01 0.13 -0.06 -0.06 0.9534 0.0759 -0.0484 -0.2881 3 3 1 3 0 0 0 0 0
0.09 -0.08 0.00 -0.06 -0.13 0.13 0.9534 0.0759 -0.0484 -0.2881 3 3 1 3 0 0 0 0 0
0.08 -0.07 -0.01 0.00 -0.13 0.00 0.9534 0.0759 -0.0484 -0.2881 3 3 1 3 0 0 0 0 0
0.08 -0.05 0.04 0.00 -0.19 -0.06 0.9534 0.0759 -0.0484 -0.2881 3 3 1 3 0 0 0 0 0
0.09 -0.06 0.00 0.06 -0.19 0.06 0.9534 0.0759 -0.0484 -0.2881 3 3 1 3 0 0 0 0 0
0.08 -0.05 0.02 0.00 -0.25 0.00 0.9534 0.0759 -0.0484 -0.2881 3 3 1 3 0 0 0 0 0
0.08 -0.06 0.00 0.00 -0.25 0.06 0.9534 0.0759 -0.0484 -0.2881 3 3 1 3 0 0 0 0 0
0.08 -0.06 0.00 0.13 0.00 0.13 0.9534 0.0759 -0.0484 -0.2881 3 3 1 3 0 0 0 0 0
0.07 -0.07 0.02 0.00 0.13 0.06 0.9534 0.0759 -0.0484 -0.2881 3 3 1 3 0 0 0 0 0
0.09 -0.04 -0.01 0.19 0.25 -0.13 0.9534 0.0759 -0.0484 -0.2881 3 3 1 3 0 0 0 0 0
0.07 -0.06 -0.01 0.06 0.00 -0.13 0.9534 0.0759 -0.0484 -0.2881 3 3 1 3 0 0 0 0 0
0.08 -0.05 0.03 0.06 -0.06 -0.06 0.9534 0.0759 -0.0484 -0.2881 3 3 1 3 0 0 0 0 0
0.07 -0.07 0.00 0.06 0.25 0.00 0.9534 0.0759 -0.0484 -0.2881 3 3 1 3 0 0 0 0 0
0.07 -0.05 -0.01 0.06 0.13 0.00 0.9534 0.0759 -0.0484 -0.2881 3 3 1 3 0 0 0 0 0
0.08 -0.07 0.02 -0.13 0.25 0.00 0.9534 0.0759 -0.0484 -0.2881 3 3 1 3 0 0 0 0 0
0.08 -0.07 0.00 0.06 -0.19 0.06 0.9534 0.0759 -0.0484 -0.2881 3 3 1 3 0 0 0 0 0
0.10 -0.09 0.01 -0.13 0.19 0.00 0.9534 0.0759 -0.0484 -0.2881 3 3 1 3 0 0 0 0 0
0.09 -0.07 0.00 0.00 -0.06 0.00 0.9534 0.0759 -0.0484 -0.2881 3 3 1 3 0 0 0 0 0
0.06 -0.07 -0.08 -0.69 -0.37 0.13 0.9534 0.0758 -0.0484 -0.2881 3 3 1 3 0 0 0 0 0
0.11 -0.07 0.13 -1.00 -0.31 0.13 0.9534 0.0757 -0.0483 -0.2881 3 3 1 3 0 0 0 0 0
0.07 -0.06 0.06 -0.31 0.00 0.00 0.9534 0.0758 -0.0483 -0.2881 3 3 1 3 0 0 0 0 0
0.08 -0.05 -0.01 0.37 0.19 0.00 0.9534 0.0757 -0.0483 -0.2881 3 3 1 3 0 0 0 0 0
0.08 -0.06 0.00 0.44 0.19 -0.13 0.9534 0.0758 -0.0484 -0.2881 3 3 1 3 0 0 0 0 0
0.08 -0.05 0.00 0.06 -0.06 0.00 0.9534 0.0758 -0.0484 -0.2881 3 3 1 3 0 0 0 0 0
0.06 -0.05 0.04 0.13 0.06 -0.06 0.9534 0.0759 -0.0484 -0.2881 3 3 1 3 0 0 0 0 0
0.10 -0.08 0.05 -0.19 -0.06 0.06 0.9534 0.0759 -0.0484 -0.2881 3 3 1 3 0 0 0 0 0
0.09 -0.06 0.00 0.19 0.00 0.00 0.9534 0.0759 -0.0484 -0.2881 3 3 1 3 0 0 0 0 0
0.08 -0.07 0.00 0.13 0.19 -0.13 0.9534 0.0759 -0.0484 -0.2881 3 3 1 3 0 0 0 0 0
0.08 -0.05 0.00 0.06 0.06 -0.06 0.9534 0.0759 -0.0484 -0.2881 3 3 1 3 0 0 0 0 0
0.08 -0.08 0.00 0.06 -0.06 -0.13 0.9534 0.0759 -0.0484 -0.2881 3 3 1 3 0 0 0 0 0
0.07 -0.08 0.02 -0.06 -0.06 0.06 0.9534 0.0759 -0.0484 -0.2881 3 3 1 3 0 0 0 0 0
0.07 -0.05 -0.01 -0.06 -0.06 0.00 0.9534 0.0759 -0.0484 -0.2881 3 3 1 3 0 0 0 0 0
0.08 -0.08 0.02 0.06 0.06 0.06 0.9534 0.0759 -0.0484 -0.2881 3 3 1 3 0 0 0 0 0
0.09 -0.07 -0.01 0.13 0.00 0.13 0.9534 0.0759 -0.0484 -0.2881 3 3 1 3 0 0 0 0 0
0.08 -0.07 0.02 0.00 0.13 -0.06 0.9534 0.0759 -0.0484 -0.2881 3 3 1 3 0 0 0 0 0
0.08 -0.07 0.02 0.06 0.19 0.00 0.9534 0.0759 -0.0484 -0.2881 3 3 1 3 0 0 0 0 0
0.08 -0.07 0.00 -0.06 0.06 0.13 0.9534 0.0759 -0.0484 -0.2881 3 3 1 3 0 0 0 0 0
0.07 -0.04 0.02 0.13 -0.06 0.13 0.9534 0.0759 -0.0484 -0.2881 3 3 1 3 0 0 0 0 0
0.10 -0.05 0.03 -0.06 0.19 0.06 0.9534 0.0759 -0.0484 -0.2881 3 3 1 3 0 0 0 0 0
0.07 -0.08 -0.01 0.13 0.00 0.06 0.9534 0.0759 -0.0484 -0.2881 3 3 1 3 0 0 0 0 0
0.09 -0.07 0.01 0.00 -0.19 0.13 0.9534 0.0759 -0.0484 -0.2881 3 3 1 3 0 0 0 0 0
0.08 -0.05 -0.01 0.06 0.13 -0.19 0.9534 0.0759 -0.0484 -0.2881 3 3 1 3 0 0 0 0 0
0.08 -0.04 0.00 0.13 0.00 -0.06 0.9534 0.0759 -0.0484 -0.2881 3 3 1 3 0 0 0 0 0
0.10 -0.05 0.00 0.00 0.13 0.06 0.9534 0.0759 -0.0484 -0.2881 3 3 1 3 0 0 0 0 0
0.07 -0.07 0.02 0.06 0.19 -0.13 0.9534 0.0759 -0.0484 -0.2881 3 3 1 3 0 0 0 0 0
0.08 -0.08 0.02 0.13 0.00 0.00 0.9534 0.0759 -0.0484 -0.2881 3 3 1 3 0 0 0 0 0
0.09 -0.06 -0.02 0.00 -0.06 -0.06 0.9534 0.0759 -0.0484 -0.2881 3 3 1 3 0 0 0 0 0
0.07 -0.07 -0.01 0.00 0.13 0.06 0.9534 0.0759 -0.0484 -0.2881 3 3 1 3 0 0 0 0 0
0.08 -0.08 0.01 -0.06 -0.06 0.00 0.9534 0.0759 -0.0484 -0.2881 3 3 1 3 0 0 0 0 0
0.07 -0.08 0.01 0.00 0.06 -0.06 0.9534 0.0759 -0.0484 -0.2881 3 3 1 3 0 0 0 0 0
0.08 -0.07 0.00 0.00 -0.06 0.06 0.9534 0.0759 -0.0484 -0.2881 3 3 1 3 0 0 0 0 0
0.08 -0.08 0.01 -0.13 0.06 -0.06 0.9534 0.0759 -0.0484 -0.2881 3 3 1 3 0 0 0 0 0
0.08 -0.05 0.00 -0.06 0.13 0.00 0.9534 0.0759 -0.0484 -0.2881 3 3 1 3 0 0 0 0 0
0.08 -0.08 0.01 0.00 0.06 0.00 0.9534 0.0759 -0.0484 -0.2881 3 3 1 3 0 0 0 0 0
0.09 -0.07 0.00 0.00 0.06 0.19 0.9534 0.0759 -0.0484 -0.2881 3 3 1 3 0 0 0 0 0
0.08 -0.08 0.00 -0.06 0.25 0.00 0.9534 0.0759 -0.0484 -0.2881 3 3 1 3 0 0 0 0 0
0.10 -0.06 -0.01 0.00 -0.06 0.06 0.9534 0.0759 -0.0484 -0.2881 3 3 1 3 0 0 0 0 0
0.07 -0.07 0.02 0.06 -0.13 0.06 0.9534 0.0759 -0.0484 -0.2881 3 3 1 3 0 0 0 0 0
0.09 -0.05 0.01 0.06 -0.06 -0.06 0.9534 0.0759 -0.0484 -0.2881 3 3 1 3 0 0 0 0 0
0.08 -0.06 0.03 0.06 0.00 0.19 0.9534 0.0759 -0.0484 -0.2881 3 3 1 3 0 0 0 0 0
0.09 -0.08 0.02 0.06 -0.06 0.06 0.9534 0.0759 -0.0484 -0.2881 3 3 1 3 0 0 0 0 0
0.09 -0.08 0.01 0.00 0.13 0.00 0.9534 0.0759 -0.0484 -0.2881 3 3 1 3 0 0 0 0 0
0.08 -0.08 0.01 0.19 -0.13 0.06 0.9534 0.0759 -0.0484 -0.2881 3 3 1 3 0 0 0 0 0
0.10 -0.08 0.01 0.00 -0.06 0.06 0.9534 0.0759 -0.0484 -0.2881 3 3 1 3 0 0 0 0 0
0.08 -0.08 0.01 -0.13 0.06 0.00 0.9534 0.0759 -0.0484 -0.2881 3 3 1 3 0 0 0 0 0
0.07 -0.07 0.00 0.06 0.06 0.06 0.9534 0.0759 -0.0484 -0.2881 3 3 1 3 0 0 0 0 0
0.07 -0.06 0.00 0.13 -0.19 -0.06 0.9534 0.0759 -0.0484 -0.2881 3 3 1 3 0 0 0 0 0
0.10 -0.08 0.01 0.06 0.06 0.00 0.9534 0.0759 -0.0484 -0.2881 3 3 1 3 0 0 0 0 0
0.10 -0.08 0.01 -0.06 0.06 0.00 0.9534 0.0759 -0.0484 -0.2881 3 3 1 3 0 0 0 0 0
0.08 -0.07 0.01 0.00 0.31 -0.06 0.9534 0.0759 -0.0484 -0.2881 3 3 1 3 0 0 0 0 0
0.06 -0.08 0.00 0.00 -0.19 -0.13 0.9534 0.0759 -0.0484 -0.2881 3 3 1 3 0 0 0 0 0
0.09 -0.04 0.06 -0.13 -0.13 0.00 0.9534 0.0759 -0.0484 -0.2881 3 3 1 3 0 0 0 0 0
0.07 -0.06 0.02 -0.25 -0.06 0.06 0.9534 0.0759 -0.0484 -0.2881 3 3 1 3 0 0 0 0 0
0.08 -0.08 0.01 0.00 0.19 0.00 0.9534 0.0759 -0.0484 -0.2881 3 3 1 3 0 0 0 0 0
0.05 -0.08 -0.09 -0.13 -0.19 0.13 0.9534 0.0758 -0.0483 -0.2881 3 3 1 3 0 0 0 0 0
0.11 -0.06 0.01 0.13 -0.25 0.06 0.9534 0.0758 -0.0483 -0.2881 3 3 1 3 0 0 0 0 0
0.05 -0.05 0.01 0.25 0.00 0.00 0.9534 0.0758 -0.0483 -0.2881 3 3 1 3 0 0 0 0 0
0.08 -0.09 -0.01 -0.13 -0.13 0.06 0.9534 0.0758 -0.0483 -0.2881 3 3 1 3 0 0 0 0 0
0.11 -0.02 0.20 -0.25 -0.19 -0.06 0.9534 0.0758 -0.0483 -0.2881 3 3 1 3 0 0 0 0 0
0.10 -0.07 0.08 -0.31 -0.13 0.06 0.9534 0.0759 -0.0484 -0.2881 3 3 1 3 0 0 0 0 0
0.03 0.02 -0.17 5.12 1.62 -0.94 0.9533 0.0761 -0.0484 -0.2881 3 3 1 3 0 0 0 0 0
0.11 -0.11 -0.02 -0.37 -0.13 0.13 0.9534 0.0760 -0.0483 -0.2881 3 3 1 3 0 0 0 0 0
0.09 -0.01 0.01 2.62 0.69 -0.37 0.9533 0.0763 -0.0484 -0.2881 3 3 1 3 0 0 0 0 0
0.06 -0.08 -0.09 2.00 0.56 -0.37 0.9533 0.0765 -0.0485 -0.2881 3 3 1 3 0 0 0 0 0
0.08 -0.08 0.00 0.13 0.00 0.06 0.9533 0.0764 -0.0485 -0.2881 3 3 1 3 0 0 0 0 0
0.09 -0.07 0.02 -0.06 0.25 0.06 0.9533 0.0764 -0.0485 -0.2881 3 3 1 3 0 0 0 0 0
0.07 -0.03 -0.01 -1.56 -0.44 0.00 0.9533 0.0762 -0.0485 -0.2881 3 3 1 3 0 0 0 0 0
0.03 -0.07 0.02 -1.81 -2.06 -6.75 0.9528 0.0734 -0.0488 -0.2905 3 3 1 3 0 0 0 0 0
0.04 -0.08 0.00 -2.00 -1.31 -2.87 0.9507 0.0715 -0.0496 -0.2975 3 3 1 3 0 0 0 0 0
0.05 -0.17 0.08 -1.06 -0.94 -3.56 0.9503 0.0707 -0.0496 -0.2990 3 3 1 3 0 0 0 0 0
0.04 -0.02 0.01 0.62 0.06 -0.13 0.9503 0.0710 -0.0497 -0.2991 3 3 1 3 0 0 0 0 0
0.04 -0.06 0.00 1.12 0.25 -0.37 0.9503 0.0714 -0.0499 -0.2991 3 3 1 3 0 0 0 0 0
0.05 -0.06 0.03 0.06 0.06 0.06 0.9503 0.0715 -0.0500 -0.2991 3 3 1 3 0 0 0 0 0
0.05 -0.05 0.02 0.37 0.25 -0.13 0.9503 0.0715 -0.0500 -0.2991 3 3 1 3 0 0 0 0 0
0.04 -0.05 0.02 0.25 0.06 -0.13 0.9502 0.0717 -0.0502 -0.2990 3 3 1 3 0 0 0 0 0
0.05 -0.04 0.00 0.06 -0.06 0.06 0.9503 0.0716 -0.0502 -0.2990 3 3 1 3 0 0 0 0 0
0.04 -0.06 0.00 0.00 0.19 0.06 0.9503 0.0715 -0.0502 -0.2990 3 3 1 3 0 0 0 0 0
0.03 -0.04 0.00 0.06 -0.25 0.13 0.9503 0.0715 -0.0502 -0.2990 3 3 1 3 0 0 0 0 0
0.03 -0.04 0.02 -0.06 0.06 -0.06 0.9503 0.0714 -0.0503 -0.2990 3 3 1 3 0 0 0 0 0
0.05 -0.07 0.02 -0.13 0.06 0.00 0.9503 0.0714 -0.0503 -0.2990 3 3 1 3 0 0 0 0 0
0.04 -0.05 -0.01 -0.13 0.19 0.00 0.9503 0.0714 -0.0503 -0.2990 3 3 1 3 0 0 0 0 0
0.06 -0.04 0.01 -0.13 -0.19 0.00 0.9503 0.0714 -0.0503 -0.2990 3 3 1 3 0 0 0 0 0
0.05 -0.04 0.02 0.00 0.06 -0.06 0.9503 0.0714 -0.0503 -0.2990 3 3 1 3 0 0 0 0 0
0.06 -0.05 0.03 -0.06 -0.25 0.00 0.9503 0.0714 -0.0503 -0.2990 3 3 1 3 0 0 0 0 0
0.02 -0.03 0.01 0.06 -0.13 -0.06 0.9503 0.0714 -0.0503 -0.2990 3 3 1 3 0 0 0 0 0
0.03 -0.04 0.00 0.00 0.00 0.00 0.9503 0.0714 -0.0503 -0.2990 3 3 1 3 0 0 0 0 0
0.06 -0.04 0.04 -0.06 -0.19 0.19 0.9503 0.0714 -0.0503 -0.2990 3 3 1 3 0 0 0 0 0
0.03 -0.04 0.00 -0.06 -0.13 0.00 0.9503 0.0714 -0.0503 -0.2990 3 3 1 3 0 0 0 0 0
0.06 -0.05 -0.01 0.13 0.19 -0.13 0.9503 0.0714 -0.0503 -0.2990 3 3 1 3 0 0 0 0 0
0.04 -0.05 -0.02 0.13 0.00 0.00 0.9503 0.0714 -0.0503 -0.2990 3 3 1 3 0 0 0 0 0
0.04 -0.05 0.01 0.06 0.00 -0.13 0.9503 0.0714 -0.0503 -0.2990 3 3 1 3 0 0 0 0 0
0.05 -0.04 0.00 0.06 -0.06 -0.06 0.9503 0.0714 -0.0503 -0.2990 3 3 1 3 0 0 0 0 0
0.03 -0.06 0.03 -0.13 0.00 0.00 0.9503 0.0714 -0.0503 -0.2990 3 3 1 3 0 0 0 0 0
0.02 -0.04 0.03 -0.06 0.06 0.00 0.9503 0.0714 -0.0503 -0.2990 3 3 1 3 0 0 0 0 0
0.06 -0.03 0.00 0.44 0.13 0.00 0.9503 0.0714 -0.0503 -0.2990 3 3 1 3 0 0 0 0 0
0.04 -0.03 0.00 0.31 0.06 0.00 0.9503 0.0714 -0.0503 -0.2990 3 3 1 3 0 0 0 0 0
0.04 -0.06 -0.08 2.06 0.50 -0.19 0.9503 0.0715 -0.0504 -0.2990 3 3 1 3 0 0 0 0 0
0.04 -0.03 0.21 -1.75 -0.37 0.31 0.9503 0.0715 -0.0504 -0.2990 3 3 1 3 0 0 0 0 0
0.03 -0.04 -0.02 1.87 0.44 -0.31 0.9502 0.0716 -0.0505 -0.2990 3 3 1 3 0 0 0 0 0
0.28 0.22 -0.20 1.37 -0.44 0.00 0.9502 0.0716 -0.0505 -0.2990 3 3 1 3 0 0 0 0 0
0.16 -0.20 -0.65 6.37 1.37 -0.88 0.9501 0.0717 -0.0505 -0.2992 3 3 1 3 0 0 0 0 0
0.11 -0.17 0.18 -7.62 -2.19 1.44 0.9503 0.0708 -0.0504 -0.2991 3 3 1 3 0 0 0 0 0
0.06 -0.05 0.03 -0.37 -0.06 0.13 0.9502 0.0714 -0.0504 -0.2991 3 3 1 3 0 0 0 0 0
0.04 -0.06 0.00 1.12 0.19 -0.13 0.9502 0.0715 -0.0505 -0.2991 3 3 1 3 0 0 0 0 0
0.04 -0.06 0.02 0.06 -0.13 0.06 0.9502 0.0715 -0.0505 -0.2991 3 3 1 3 0 0 0 0 0
0.00 -0.04 0.00 -3.56 -0.81 0.75 0.9503 0.0702 -0.0504 -0.2991 3 3 1 3 0 0 0 0 0
0.01 -0.03 -0.01 -1.94 -0.69 -0.06 0.9498 0.0668 -0.0505 -0.3016 3 3 1 3 0 0 0 0 0
-0.01 -0.03 -0.02 1.81 -0.25 -5.81 0.9495 0.0667 -0.0504 -0.3025 3 3 1 3 0 0 0 0 0
0.10 0.00 0.05 -2.94 -0.06 2.62 0.9493 0.0658 -0.0504 -0.3034 3 3 1 3 0 0 0 0 0
0.10 -0.01 0.10 -1.19 0.13 1.37 0.9499 0.0659 -0.0500 -0.3015 3 3 1 3 0 0 0 0 0
0.00 -0.03 0.03 -0.37 -0.19 -0.37 0.9503 0.0670 -0.0497 -0.2999 3 3 1 3 0 0 0 0 0
0.04 -0.03 0.02 -0.19 -0.13 0.31 0.9503 0.0670 -0.0497 -0.2999 3 3 1 3 0 0 0 0 0
0.03 -0.05 0.01 -0.69 -1.06 -0.50 0.9503 0.0667 -0.0500 -0.3000 3 3 1 3 0 0 0 0 0
0.03 -0.04 0.00 0.88 -0.31 -0.44 0.9502 0.0668 -0.0505 -0.3001 3 3 1 3 0 0 0 0 0
0.01 -0.05 0.04 0.88 0.13 -0.25 0.9501 0.0679 -0.0508 -0.3002 3 3 1 3 0 0 0 0 0
0.02 -0.05 0.00 1.75 0.56 -0.44 0.9500 0.0686 -0.0511 -0.3002 3 3 1 3 0 0 0 0 0
0.01 -0.03 0.03 0.50 0.06 0.00 0.9500 0.0691 -0.0512 -0.3003 3 3 1 3 0 0 0 0 0
0.02 -0.04 0.01 0.00 0.06 0.00 0.9500 0.0691 -0.0512 -0.3003 3 3 1 3 0 0 0 0 0
0.03 -0.03 0.00 0.19 -0.06 0.06 0.9500 0.0691 -0.0512 -0.3003 3 3 1 3 0 0 0 0 0
0.01 -0.05 0.02 0.00 0.06 0.00 0.9500 0.0691 -0.0512 -0.3003 3 3 1 3 0 0 0 0 0
0.02 -0.04 0.00 0.13 0.06 0.06 0.9500 0.0691 -0.0512 -0.3003 3 3 1 3 0 0 0 0 0
0.03 -0.04 0.00 0.19 -0.25 0.06 0.9500 0.0691 -0.0512 -0.3003 3 3 1 3 0 0 0 0 0
0.01 -0.05 0.01 0.06 -0.13 0.06 0.9500 0.0691 -0.0512 -0.3003 3 3 1 3 0 0 0 0 0
0.03 -0.03 0.00 0.00 0.00 -0.06 0.9500 0.0691 -0.0512 -0.3003 3 3 1 3 0 0 0 0 0
0.02 -0.05 0.01 0.00 -0.13 0.13 0.9500 0.0691 -0.0512 -0.3003 3 3 1 3 0 0 0 0 0
0.04 -0.03 0.00 -0.13 0.13 0.00 0.9500 0.0691 -0.0512 -0.3003 3 3 1 3 0 0 0 0 0
0.00 -0.04 0.01 -0.13 0.00 -0.06 0.9500 0.0691 -0.0512 -0.3003 3 3 1 3 0 0 0 0 0
0.01 -0.05 0.01 0.00 0.06 -0.06 0.9500 0.0691 -0.0512 -0.3003 3 3 1 3 0 0 0 0 0
0.00 -0.04 0.01 -0.06 -0.06 0.06 0.9500 0.0691 -0.0512 -0.3003 3 3 1 3 0 0 0 0 0
0.03 -0.03 0.03 0.00 -0.06 0.06 0.9500 0.0691 -0.0512 -0.3003 3 3 1 3 0 0 0 0 0
0.02 -0.02 0.04 -0.13 0.19 -0.06 0.9500 0.0691 -0.0512 -0.3003 3 3 1 3 0 0 0 0 0
0.00 -0.04 0.00 -0.06 -0.25 0.00 0.9500 0.0691 -0.0512 -0.3003 3 3 1 3 0 0 0 0 0
0.01 -0.02 0.02 0.06 0.00 -0.13 0.9500 0.0691 -0.0512 -0.3003 3 3 1 3 0 0 0 0 0
0.02 -0.03 0.00 -0.13 0.00 -0.06 0.9500 0.0691 -0.0512 -0.3003 3 3 1 3 0 0 0 0 0
0.00 -0.07 0.01 0.00 0.00 0.06 0.9500 0.0691 -0.0512 -0.3003 3 3 1 3 0 0 0 0 0
0.02 -0.05 0.00 -0.06 0.00 -0.06 0.9500 0.0691 -0.0512 -0.3003 3 3 1 3 0 0 0 0 0
0.02 -0.02 0.01 0.13 -0.06 0.00 0.9500 0.0691 -0.0512 -0.3003 3 3 1 3 0 0 0 0 0
0.03 -0.03 0.00 -0.13 0.06 -0.06 0.9500 0.0691 -0.0512 -0.3003 3 3 1 3 0 0 0 0 0
0.02 -0.03 0.02 0.00 -0.13 0.00 0.9500 0.0691 -0.0512 -0.3003 3 3 1 3 0 0 0 0 0
0.01 -0.03 0.00 0.06 -0.19 0.06 0.9500 0.0691 -0.0512 -0.3003 3 3 1 3 0 0 0 0 0
0.01 -0.04 0.02 0.00 -0.13 0.13 0.9500 0.0691 -0.0512 -0.3003 3 3 1 3 0 0 0 0 0
0.02 -0.06 0.02 0.00 0.06 0.00 0.9500 0.0691 -0.0512 -0.3003 3 3 1 3 0 0 0 0 0
0.01 -0.04 0.00 0.00 0.19 0.00 0.9500 0.0691 -0.0512 -0.3003 3 3 1 3 0 0 0 0 0
0.01 -0.02 0.03 0.13 0.13 0.00 0.9500 0.0691 -0.0512 -0.3003 3 3 1 3 0 0 0 0 0
0.01 -0.06 -0.01 0.00 0.00 0.00 0.9500 0.0691 -0.0512 -0.3003 3 3 1 3 0 0 0 0 0
0.02 -0.03 0.02 -0.06 0.13 0.00 0.9500 0.0691 -0.0512 -0.3003 3 3 1 3 0 0 0 0 0
0.01 -0.03 -0.01 0.00 -0.19 -0.13 0.9500 0.0691 -0.0512 -0.3003 3 3 1 3 0 0 0 0 0
0.01 -0.03 0.00 0.06 0.13 0.00 0.9500 0.0691 -0.0512 -0.3003 3 3 1 3 0 0 0 0 0
0.02 -0.02 0.03 0.00 -0.13 0.00 0.9500 0.0691 -0.0512 -0.3003 3 3 1 3 0 0 0 0 0
0.01 -0.06 0.01 -0.13 0.13 0.00 0.9500 0.0691 -0.0512 -0.3003 3 3 1 3 0 0 0 0 0
0.01 -0.02 0.00 0.13 0.06 0.00 0.9500 0.0691 -0.0512 -0.3003 3 3 1 3 0 0 0 0 0
0.01 -0.06 0.04 -0.06 0.13 0.00 0.9500 0.0691 -0.0512 -0.3003 3 3 1 3 0 0 0 0 0
0.01 -0.02 -0.01 -0.06 -0.13 0.06 0.9500 0.0691 -0.0512 -0.3003 3 3 1 3 0 0 0 0 0
0.02 -0.04 0.01 -0.06 0.00 0.00 0.9500 0.0691 -0.0512 -0.3003 3 3 1 3 0 0 0 0 0
0.01 -0.04 0.03 -0.19 0.19 -0.06 0.9500 0.0691 -0.0512 -0.3003 3 3 1 3 0 0 0 0 0
0.02 -0.02 0.00 -0.06 0.06 0.06 0.9500 0.0691 -0.0512 -0.3003 3 3 1 3 0 0 0 0 0
0.02 -0.04 0.03 0.00 0.13 0.06 0.9500 0.0691 -0.0512 -0.3003 3 3 1 3 0 0 0 0 0
0.01 -0.03 0.00 0.00 0.06 0.06 0.9500 0.0691 -0.0512 -0.3003 3 3 1 3 0 0 0 0 0
0.04 -0.05 0.02 0.00 0.00 0.06 0.9500 0.0691 -0.0512 -0.3003 3 3 1 3 0 0 0 0 0
0.02 -0.03 0.00 0.00 0.00 0.13 0.9500 0.0691 -0.0512 -0.3003 3 3 1 3 0 0 0 0 0
0.00 -0.03 0.00 0.00 0.19 -0.06 0.9500 0.0691 -0.0512 -0.3003 3 3 1 3 0 0 0 0 0
0.02 -0.04 0.02 0.06 0.06 0.00 0.9500 0.0691 -0.0512 -0.3003 3 3 1 3 0 0 0 0 0
0.02 -0.03 0.03 -0.19 0.13 -0.06 0.9500 0.0691 -0.0512 -0.3003 3 3 1 3 0 0 0 0 0
0.01 -0.05 0.01 0.06 0.00 0.00 0.9500 0.0691 -0.0512 -0.3003 3 3 1 3 0 0 0 0 0
0.02 -0.04 0.01 0.00 0.06 0.00 0.9500 0.0691 -0.0512 -0.3003 3 3 1 3 0 0 0 0 0
0.03 -0.02 0.00 0.00 -0.06 0.13 0.9500 0.0691 -0.0512 -0.3003 3 3 1 3 0 0 0 0 0
0.01 -0.03 0.02 0.06 0.06 0.06 0.9500 0.0691 -0.0512 -0.3003 3 3 1 3 0 0 0 0 0
0.01 -0.03 0.00 0.00 0.06 0.06 0.9500 0.0691 -0.0512 -0.3003 3 3 1 3 0 0 0 0 0
0.01 -0.02 0.03 -0.13 0.19 -0.06 0.9500 0.0691 -0.0512 -0.3003 3 3 1 3 0 0 0 0 0
0.01 -0.03 0.02 -0.06 0.06 -0.06 0.9500 0.0691 -0.0512 -0.3003 3 3 1 3 0 0 0 0 0
0.02 -0.02 0.00 0.00 0.13 -0.13 0.9500 0.0691 -0.0512 -0.3003 3 3 1 3 0 0 0 0 0
0.02 -0.03 0.00 -0.06 0.00 -0.06 0.9500 0.0691 -0.0512 -0.3003 3 3 1 3 0 0 0 0 0
0.02 -0.03 0.02 -0.06 0.19 -0.06 0.9500 0.0691 -0.0512 -0.3003 3 3 1 3 0 0 0 0 0
0.04 -0.01 0.00 -0.06 0.25 -0.06 0.9500 0.0691 -0.0512 -0.3003 3 3 1 3 0 0 0 0 0
0.02 -0.04 0.01 0.06 -0.19 0.19 0.9500 0.0691 -0.0512 -0.3003 3 3 1 3 0 0 0 0 0
0.03 -0.04 0.01 -0.13 -0.19 0.06 0.9500 0.0691 -0.0512 -0.3003 3 3 1 3 0 0 0 0 0
0.01 -0.05 0.01 -0.19 0.13 0.00 0.9500 0.0691 -0.0512 -0.3003 3 3 1 3 0 0 0 0 0
0.02 -0.04 0.02 -0.13 -0.19 0.00 0.9500 0.0691 -0.0512 -0.3003 3 3 1 3 0 0 0 0 0
0.01 -0.04 0.01 0.06 0.06 0.00 0.9500 0.0691 -0.0512 -0.3003 3 3 1 3 0 0 0 0 0
0.01 -0.04 0.00 0.00 0.13 0.06 0.9500 0.0691 -0.0512 -0.3003 3 3 1 3 0 0 0 0 0
0.04 -0.04 0.01 -0.13 0.00 0.06 0.9500 0.0691 -0.0512 -0.3003 3 3 1 3 0 0 0 0 0
0.01 -0.04 0.00 0.00 0.13 0.00 0.9500 0.0691 -0.0512 -0.3003 3 3 1 3 0 0 0 0 0
0.03 -0.02 0.03 0.06 0.00 -0.06 0.9500 0.0691 -0.0512 -0.3003 3 3 1 3 0 0 0 0 0
0.03 -0.04 0.02 0.13 0.00 0.06 0.9500 0.0691 -0.0512 -0.3003 3 3 1 3 0 0 0 0 0
0.04 -0.02 -0.01 0.06 0.13 -0.06 0.9500 0.0691 -0.0512 -0.3003 3 3 1 3 0 0 0 0 0
0.00 -0.03 0.03 0.06 0.00 -0.06 0.9500 0.0691 -0.0512 -0.3003 3 3 1 3 0 0 0 0 0
0.01 -0.03 0.02 0.13 0.00 0.06 0.9500 0.0691 -0.0512 -0.3003 3 3 1 3 0 0 0 0 0
0.02 -0.04 -0.02 -0.13 0.00 0.06 0.9500 0.0691 -0.0512 -0.3003 3 3 1 3 0 0 0 0 0
0.03 -0.02 0.00 0.00 -0.13 0.00 0.9500 0.0691 -0.0512 -0.3003 3 3 1 3 0 0 0 0 0
0.02 -0.06 0.02 -0.06 0.13 0.06 0.9500 0.0691 -0.0512 -0.3003 3 3 1 3 0 0 0 0 0
0.01 -0.03 0.02 0.00 0.06 -0.06 0.9500 0.0691 -0.0512 -0.3003 3 3 1 3 0 0 0 0 0
0.01 -0.04 0.06 -0.19 0.19 0.00 0.9500 0.0691 -0.0512 -0.3003 3 3 1 3 0 0 0 0 0
0.01 -0.03 0.01 0.13 0.19 -0.06 0.9500 0.0691 -0.0512 -0.3003 3 3 1 3 0 0 0 0 0
0.02 -0.02 0.02 0.19 -0.06 0.00 0.9500 0.0691 -0.0512 -0.3003 3 3 1 3 0 0 0 0 0
0.01 -0.03 0.02 -0.06 0.00 0.00 0.9500 0.0691 -0.0512 -0.3003 3 3 1 3 0 0 0 0 0
0.00 -0.05 0.00 -0.06 -0.19 0.06 0.9500 0.0691 -0.0512 -0.3003 3 3 1 3 0 0 0 0 0
0.01 -0.04 0.04 -0.06 -0.19 0.06 0.9500 0.0691 -0.0512 -0.3003 3 3 1 3 0 0 0 0 0
0.00 -0.04 0.01 0.00 -0.06 0.00 0.9500 0.0691 -0.0512 -0.3003 3 3 1 3 0 0 0 0 0
0.00 -0.01 0.01 0.06 -0.19 0.06 0.9500 0.0691 -0.0512 -0.3003 3 3 1 3 0 0 0 0 0
0.01 -0.02 0.01 -0.06 -0.06 -0.06 0.9500 0.0691 -0.0512 -0.3003 3 3 1 3 0 0 0 0 0
0.02 -0.04 -0.02 -0.06 0.06 -0.25 0.9500 0.0691 -0.0512 -0.3003 3 3 1 3 0 0 0 0 0
0.01 -0.05 0.05 0.13 0.06 -0.13 0.9500 0.0691 -0.0512 -0.3003 3 3 1 3 0 0 0 0 0
0.02 -0.05 0.02 0.13 0.00 -0.06 0.9500 0.0691 -0.0512 -0.3003 3 3 1 3 0 0 0 0 0
0.00 -0.04 0.00 0.13 -0.06 -0.06 0.9500 0.0691 -0.0512 -0.3003 3 3 1 3 0 0 0 0 0
0.02 -0.03 0.02 0.13 -0.13 -0.06 0.9500 0.0691 -0.0512 -0.3003 3 3 1 3 0 0 0 0 0
0.03 -0.05 0.00 -0.25 0.13 0.06 0.9500 0.0691 -0.0512 -0.3003 3 3 1 3 0 0 0 0 0
0.01 -0.04 0.03 0.06 0.13 -0.19 0.9500 0.0691 -0.0512 -0.3003 3 3 1 3 0 0 0 0 0
0.03 -0.04 0.01 0.13 0.13 0.00 0.9500 0.0691 -0.0512 -0.3003 3 3 1 3 0 0 0 0 0
0.02 -0.02 0.00 -0.06 0.19 -0.19 0.9500 0.0691 -0.0512 -0.3003 3 3 1 3 0 0 0 0 0
0.02 -0.03 0.01 0.25 0.25 -0.06 0.9500 0.0691 -0.0512 -0.3003 3 3 1 3 0 0 0 0 0
-0.01 -0.02 0.04 -0.13 0.00 0.06 0.9500 0.0691 -0.0512 -0.3003 3 3 1 3 0 0 0 0 0
0.02 -0.03 0.00 -0.37 -0.06 0.00 0.9500 0.0691 -0.0512 -0.3003 3 3 1 3 0 0 0 0 0
0.03 -0.03 0.01 -0.19 0.19 -0.06 0.9500 0.0691 -0.0512 -0.3003 3 3 1 3 0 0 0 0 0
0.00 -0.06 0.01 0.06 0.00 0.00 0.9500 0.0691 -0.0512 -0.3003 3 3 1 3 0 0 0 0 0
0.01 -0.02 0.00 0.37 0.06 0.06 0.9500 0.0691 -0.0512 -0.3003 3 3 1 3 0 0 0 0 0
0.02 -0.03 0.01 0.13 0.19 0.00 0.9500 0.0691 -0.0512 -0.3003 3 3 1 3 0 0 0 0 0
0.02 -0.04 0.01 0.06 -0.06 0.00 0.9500 0.0691 -0.0512 -0.3003 3 3 1 3 0 0 0 0 0
0.03 -0.05 0.02 0.13 0.31 -0.13 0.9500 0.0691 -0.0512 -0.3003 3 3 1 3 0 0 0 0 0
0.03 -0.04 0.01 0.13 0.00 0.06 0.9500 0.0691 -0.0512 -0.3003 3 3 1 3 0 0 0 0 0
0.03 -0.05 0.04 -0.13 0.13 -0.06 0.9500 0.0691 -0.0512 -0.3003 3 3 1 3 0 0 0 0 0
0.02 -0.05 0.02 0.13 -0.06 -0.06 0.9500 0.0691 -0.0512 -0.3003 3 3 1 3 0 0 0 0 0
0.03 -0.02 -0.04 -0.13 -0.06 0.06 0.9500 0.0691 -0.0512 -0.3003 3 3 1 3 0 0 0 0 0
0.02 -0.04 0.00 0.13 -0.19 -0.06 0.9500 0.0691 -0.0512 -0.3003 3 3 1 3 0 0 0 0 0
0.03 -0.04 0.04 0.06 0.00 0.06 0.9500 0.0691 -0.0512 -0.3003 3 3 1 3 0 0 0 0 0
0.00 -0.02 0.00 0.06 -0.13 0.00 0.9500 0.0691 -0.0512 -0.3003 3 3 1 3 0 0 0 0 0
0.02 -0.04 0.02 0.19 -0.13 0.13 0.9500 0.0691 -0.0512 -0.3003 3 3 1 3 0 0 0 0 0
0.00 -0.03 0.00 -0.13 0.06 -0.06 0.9500 0.0691 -0.0512 -0.3003 3 3 1 3 0 0 0 0 0
0.00 -0.02 0.00 0.00 0.13 0.06 0.9500 0.0691 -0.0512 -0.3003 3 3 1 3 0 0 0 0 0
0.04 -0.07 0.05 -0.19 0.06 0.06 0.9500 0.0691 -0.0512 -0.3003 3 3 1 3 0 0 0 0 0
0.02 0.00 -0.02 0.44 0.00 0.00 0.9500 0.0691 -0.0512 -0.3003 3 3 1 3 0 0 0 0 0
0.00 -0.03 -0.04 -1.19 -1.94 -2.94 0.9495 0.0687 -0.0516 -0.3017 3 3 1 3 0 0 0 0 0
-0.27 0.39 -0.13 1.94 -15.00 -69.44 0.9286 0.0674 -0.0609 -0.3596 3 3 1 3 0 0 0 0 0
-0.11 -0.02 0.00 -0.19 -0.06 0.19 0.9288 0.0657 -0.0607 -0.3596 3 3 1 3 0 0 0 0 0
-0.09 -0.04 0.00 0.00 0.13 -0.06 0.9283 0.0657 -0.0605 -0.3609 3 3 1 3 0 0 0 0 0
-0.09 -0.07 0.08 -0.69 -0.06 0.06 0.9283 0.0656 -0.0604 -0.3609 3 3 1 3 0 0 0 0 0
-0.08 -0.12 0.09 0.00 -0.19 -0.06 0.9283 0.0656 -0.0603 -0.3611 3 3 1 3 0 0 0 0 0
-0.11 0.00 0.00 0.00 0.13 0.00 0.9282 0.0657 -0.0602 -0.3612 3 3 1 3 0 0 0 0 0
-0.10 -0.06 0.00 0.88 0.06 0.00 0.9282 0.0656 -0.0601 -0.3613 3 3 1 3 0 0 0 0 0
-0.09 -0.02 0.10 -1.50 -0.31 0.25 0.9279 0.0654 -0.0599 -0.3622 3 3 1 3 0 0 0 0 0
-0.06 -0.02 0.01 0.06 0.00 -0.06 0.9276 0.0654 -0.0599 -0.3630 3 3 1 3 0 0 0 0 0
-0.07 -0.07 0.01 0.19 -0.06 0.06 0.9274 0.0654 -0.0598 -0.3633 3 3 1 3ets Jun  8 2016 00:22:57

rst:0x1 (POWERON_RESET),boot:0x13 (SPI_FAST_FLASH_BOOT)
configsip: 0, SPIWP:0xee
clk_drv:0x00,q_drv:0x00,d_drv:0x00,cs0_drv:0x00,hd_drv:0x00,wp_drv:0x00
mode:DIO, clock div:1
load:0x3fff0018,len:4
load:0x3fff001c,len:1044
load:0x40078000,len:8896
load:0x40080400,len:5816
entry 0x400806ac
Orientation Sensor Test

accel_x accel_y accel_z gyro_x gyro_y gyro_z qW qX qY qZ Cal_sys Cal_gyro Cal_accel Cal_mag FSR0 FSR1 FSR2 FSR3 FSR4
-0.04 -0.11 -0.56 -0.19 -0.13 -0.13 0.9964 0.0803 -0.0275 0.0000 2 3 0 0 0 0 0 0 0
-0.02 -0.09 -0.51 -0.19 -0.13 0.06 0.9964 0.0803 -0.0275 0.0000 2 3 0 0 0 0 0 0 0
-0.02 -0.09 -0.55 0.06 0.00 -0.06 0.9964 0.0803 -0.0275 0.0000 2 3 0 0 0 0 0 0 0
0.00 0.00 -0.04 0.13 0.06 -0.06 0.9964 0.0803 -0.0275 0.0000 2 3 1 0 0 0 0 0 0
0.00 -0.01 -0.01 -0.13 0.00 0.00 0.9964 0.0803 -0.0275 0.0000 2 3 1 0 0 0 0 0 0
0.02 -0.01 -0.02 -0.13 -0.13 0.00 0.9964 0.0803 -0.0275 0.0000 2 3 1 0 0 0 0 0 0
0.00 0.00 -0.04 0.19 -0.25 0.06 0.9964 0.0803 -0.0275 0.0000 2 3 1 0 0 0 0 0 0
0.00 0.00 -0.01 -0.19 -0.06 0.06 0.9964 0.0803 -0.0275 0.0000 2 3 1 0 0 0 0 0 0
0.00 0.00 -0.01 -0.31 0.00 0.06 0.9964 0.0803 -0.0275 0.0000 2 3 1 0 0 0 0 0 0
0.00 -0.01 -0.04 0.13 0.00 0.13 0.9964 0.0803 -0.0275 0.0000 2 3 1 0 0 0 0 0 0
0.03 0.00 0.00 0.00 0.13 0.06 0.9964 0.0803 -0.0275 0.0000 2 3 1 0 0 0 0 0 0
0.01 0.00 -0.06 0.06 0.06 0.00 0.9964 0.0803 -0.0275 0.0000 2 3 1 0 0 0 0 0 0
0.00 0.00 -0.02 0.25 0.00 0.00 0.9964 0.0803 -0.0275 0.0000 2 3 1 0 0 0 0 0 0
0.00 0.00 -0.01 0.00 -0.25 0.00 0.9964 0.0803 -0.0275 0.0000 2 3 1 0 0 0 0 0 0
0.01 0.00 -0.04 0.00 0.00 0.00 0.9964 0.0803 -0.0275 0.0000 2 3 1 0 0 0 0 0 0
-0.01 -0.01 -0.06 0.06 -0.13 -0.06 0.9964 0.0803 -0.0275 0.0000 2 3 1 0 0 0 0 0 0
0.01 0.00 -0.03 0.00 0.06 -0.13 0.9964 0.0803 -0.0275 0.0000 2 3 1 0 0 0 0 0 0
0.01 -0.01 -0.02 0.00 0.00 -0.13 0.9964 0.0803 -0.0275 0.0000 2 3 1 0 0 0 0 0 0
0.01 0.00 0.01 -0.06 0.19 0.00 0.9964 0.0803 -0.0275 0.0000 2 3 1 0 0 0 0 0 0
0.00 0.00 -0.05 0.00 0.06 0.06 0.9964 0.0803 -0.0275 0.0000 2 3 1 0 0 0 0 0 0
0.00 0.00 -0.03 -0.06 0.00 0.13 0.9964 0.0803 -0.0275 0.0000 2 3 1 0 0 0 0 0 0
0.00 0.00 -0.01 -0.06 0.13 -0.13 0.9964 0.0803 -0.0275 0.0000 2 3 1 0 0 0 0 0 0
0.00 -0.01 -0.01 0.25 -0.06 0.06 0.9964 0.0803 -0.0275 0.0000 2 3 1 0 0 0 0 0 0
0.00 0.00 -0.04 0.06 0.00 0.00 0.9964 0.0803 -0.0275 0.0000 2 3 1 0 0 0 0 0 0
0.00 0.02 -0.03 -0.13 -0.06 0.06 0.9964 0.0803 -0.0275 0.0000 2 3 1 0 0 0 0 0 0
0.00 0.00 0.00 0.00 0.00 0.06 0.9964 0.0803 -0.0275 0.0000 2 3 1 0 0 0 0 0 0
0.01 0.00 -0.03 0.06 0.13 0.06 0.9964 0.0803 -0.0275 0.0000 2 3 1 0 0 0 0 0 0
0.00 0.01 -0.03 0.00 0.13 -0.06 0.9964 0.0803 -0.0275 0.0000 2 3 1 0 0 0 0 0 0
0.00 0.00 0.00 0.00 -0.06 -0.06 0.9964 0.0803 -0.0275 0.0000 2 3 1 0 0 0 0 0 0
0.00 0.01 -0.05 0.00 0.25 -0.06 0.9964 0.0803 -0.0275 0.0000 2 3 1 0 0 0 0 0 0
-0.01 0.00 0.00 0.13 0.00 -0.06 0.9964 0.0803 -0.0275 0.0000 2 3 1 0 0 0 0 0 0
0.00 0.00 0.00 -0.06 0.00 0.00 0.9964 0.0803 -0.0275 0.0000 2 3 1 0 0 0 0 0 0
0.00 0.01 -0.02 -0.25 0.00 0.06 0.9964 0.0803 -0.0275 0.0000 2 3 1 0 0 0 0 0 0
0.01 0.00 -0.04 0.31 -0.19 -0.06 0.9964 0.0803 -0.0275 0.0000 2 3 1 0 0 0 0 0 0
0.00 0.00 0.00 0.00 0.00 0.06 0.9964 0.0803 -0.0275 0.0000 2 3 1 0 0 0 0 0 0
0.00 0.00 -0.05 -0.06 0.13 0.06 0.9964 0.0803 -0.0275 0.0000 2 3 1 0 0 0 0 0 0
0.00 0.00 -0.02 0.00 0.13 -0.19 0.9964 0.0803 -0.0275 0.0000 2 3 1 0 0 0 0 0 0
0.00 0.00 -0.05 0.13 -0.06 0.00 0.9964 0.0803 -0.0275 0.0000 2 3 1 0 0 0 0 0 0
0.00 -0.02 -0.08 -0.13 0.06 0.00 0.9964 0.0803 -0.0275 0.0000 2 3 1 0 0 0 0 0 0
0.00 0.00 -0.03 -0.13 0.00 0.00 0.9964 0.0803 -0.0275 0.0000 2 3 1 0 0 0 0 0 0
0.00 0.00 0.00 -0.19 0.06 0.13 0.9964 0.0803 -0.0275 0.0000 2 3 1 0 0 0 0 0 0
0.03 0.00 -0.03 -0.13 -0.13 0.13 0.9964 0.0803 -0.0275 0.0000 2 3 1 0 0 0 0 0 0
0.11 -0.50 0.51 -11.81 1.19 4.00 0.9965 0.0794 -0.0274 0.0002 2 3 1 0 0 0 0 0 0
-0.15 -1.26 0.05 11.81 30.44 108.25 0.9954 0.0848 -0.0194 0.0402 2 3 1 0 0 0 0 0 0
0.57 1.20 0.05 -4.19 -35.75 -145.00 0.9935 0.0862 -0.0123 0.0739 2 3 1 0 0 0 0 0 0
2.92 4.63 -2.43 -79.94 28.06 121.12 0.9965 0.0764 -0.0290 -0.0210 2 3 1 0 0 0 0 0 0
-0.55 0.46 -0.11 61.69 -14.31 -123.06 0.9955 0.0919 -0.0101 -0.0220 2 3 1 0 0 0 0 0 0
-1.71 -2.59 1.65 -202.31 55.50 -6.69 0.9966 0.0375 -0.0235 -0.0695 1 3 1 0 0 0 0 0 0
-1.53 -0.28 2.58 -228.00 133.56 -36.13 0.9843 -0.1307 0.0669 -0.0986 1 3 1 0 0 0 0 0 0
-2.77 4.31 6.97 -366.31 229.56 -26.87 0.9092 -0.3305 0.2131 -0.1371 1 3 1 0 0 0 0 0 0
2.54 2.33 3.50 -361.94 324.56 -72.81 0.7351 -0.5272 0.3824 -0.1882 0 3 1 0 0 0 0 0 0
0.84 -0.15 3.65 -313.50 285.87 3.62 0.5276 -0.6042 0.5617 -0.2025 0 3 1 1 0 0 0 0 0
1.31 -0.38 0.60 -136.31 112.44 -76.69 0.3240 -0.6801 0.6204 -0.2181 0 3 1 1 0 0 0 0 0
0.62 -0.76 -0.43 -110.37 10.00 -97.69 0.2364 -0.7283 0.6052 -0.2180 0 3 1 1 0 0 0 0 0
-0.70 -1.69 -0.13 -16.56 -3.12 -64.12 0.2329 -0.7614 0.5724 -0.1961 0 3 1 1 0 0 0 0 0
-1.15 -0.92 0.39 94.00 -0.88 19.87 0.2478 -0.7640 0.5576 -0.2098 0 3 1 1 0 0 0 0 0
-1.67 -1.49 0.73 207.12 -36.19 38.31 0.3472 -0.7285 0.5326 -0.2552 0 3 1 1 0 0 0 0 0
-1.15 -1.76 0.34 468.37 -36.31 126.44 0.5222 -0.6117 0.4937 -0.3309 0 3 1 1 0 0 0 0 0
-1.72 -0.01 0.68 463.75 -2.00 128.31 0.7413 -0.3467 0.3925 -0.4199 0 3 1 1 0 0 0 0 0
-2.46 -2.89 1.20 351.50 -123.56 54.50 0.8329 -0.1096 0.2836 -0.4625 0 3 1 1 0 0 0 0 0
-1.69 -1.26 0.94 476.12 -149.87 86.00 0.8721 0.0953 0.0670 -0.4753 0 3 1 2 0 0 0 0 0
-2.17 -2.16 1.88 490.75 -209.75 78.12 0.8123 0.3169 -0.2202 -0.4374 0 3 1 2 0 0 0 0 0
-1.76 -1.89 0.89 344.31 -103.62 79.75 0.7016 0.4706 -0.4036 -0.3513 0 3 1 2 0 0 0 0 0
-1.02 -2.63 1.33 308.62 -135.69 40.44 0.5548 0.5609 -0.5585 -0.2564 0 3 1 2 0 0 0 0 0
-1.04 -2.70 0.49 278.12 -6.31 9.81 0.4209 0.6475 -0.6190 -0.1431 0 3 1 2 0 0 0 0 0
-0.73 -2.02 1.64 257.06 16.62 27.37 0.3107 0.7001 -0.6420 -0.0339 0 3 1 2 0 0 0 0 0
-0.82 -1.93 0.74 220.81 67.75 9.44 0.2065 0.7372 -0.6343 0.1069 0 3 1 2 0 0 0 0 0
-0.51 -1.72 0.12 156.62 89.56 -19.37 0.1583 0.7529 -0.5985 0.2232 0 3 1 2 0 0 0 0 0
0.13 -1.90 -0.83 109.62 93.25 -29.25 0.1337 0.7570 -0.5528 0.3218 0 3 1 2 0 0 0 0 0
-0.46 -1.22 -1.12 4.12 88.31 -28.12 0.1404 0.7504 -0.5175 0.3865 0 3 1 2 0 0 0 0 0
0.17 -1.20 0.61 -133.00 96.81 -45.50 0.2213 0.7368 -0.5068 0.3891 0 3 1 2 0 0 0 0 0
-0.35 -0.10 -1.05 -104.00 82.12 -63.44 0.4059 0.5005 -0.7111 0.2812 0 3 1 2 0 0 0 0 0
0.63 -0.55 0.27 -295.25 99.50 -90.81 0.5620 0.4317 -0.6866 0.1625 0 3 1 3 0 0 0 0 0
0.42 -0.53 -1.67 -260.56 149.75 -101.62 0.6888 0.3670 -0.6235 0.0457 0 3 1 3 0 0 0 0 0
0.38 -0.14 -0.80 -446.37 169.56 -150.56 0.8171 0.2493 -0.5096 -0.1020 0 3 1 3 0 0 0 0 0
0.33 1.61 -0.39 -395.37 100.44 -111.12 0.8907 0.0479 -0.3552 -0.2795 0 3 1 3 0 0 0 0 0
0.63 0.59 -0.81 -465.62 48.44 -28.00 0.8657 -0.1464 -0.2497 -0.4083 1 3 1 3 0 0 0 0 0
0.74 1.23 -1.69 -527.31 96.44 54.56 0.7692 -0.4349 -0.0153 -0.4679 2 3 1 3 0 0 0 0 0
1.18 2.91 0.54 -482.75 68.81 177.12 0.6261 -0.6282 0.2182 -0.4072 2 3 1 3 0 0 0 0 0
1.01 1.44 2.53 -409.69 25.12 115.87 0.4078 -0.7748 0.4145 -0.2481 2 3 1 3 0 0 0 0 0
-0.07 -1.21 0.54 -429.19 -1.44 -2.62 0.1522 -0.8336 0.5180 -0.1167 2 3 1 3 0 0 0 0 0
-0.72 -3.75 -1.55 26.31 42.06 -2.12 0.0637 -0.8466 0.5212 -0.0872 2 3 1 3 0 0 0 0 0
-2.16 -2.07 -0.97 560.50 129.87 -11.25 0.2297 -0.8002 0.4937 -0.2516 2 3 1 3 0 0 0 0 0
-0.56 0.64 -1.61 1095.13 -90.75 -137.75 0.5786 -0.5699 0.2648 -0.5199 2 3 1 3 0 0 0 0 0
-1.73 -1.76 0.82 470.94 -35.75 -198.44 0.7103 -0.3088 -0.1043 -0.6239 2 3 1 3 0 0 0 0 0
-0.78 -3.31 3.22 345.81 138.50 -98.00 0.7145 -0.0017 -0.3436 -0.6094 2 3 1 3 0 0 0 0 0
-1.47 -5.19 -0.56 46.88 128.81 22.25 0.7231 0.1369 -0.3378 -0.5867 2 3 1 3 0 0 0 0 0
0.19 -1.45 -1.08 -352.31 170.81 117.87 0.7990 0.0750 -0.1938 -0.5643 2 3 1 3 0 0 0 0 0
0.80 1.04 -1.35 -97.62 14.94 67.94 0.8438 -0.0138 -0.0829 -0.5300 2 3 1 3 0 0 0 0 0
0.66 1.15 -1.06 1.19 10.31 57.75 0.8667 -0.0242 -0.0624 -0.4943 2 3 1 3 0 0 0 0 0
0.43 -0.32 3.17 -31.87 -61.19 4.00 0.8702 -0.0552 -0.0930 -0.4807 2 3 1 3 0 0 0 0 0
0.38 -0.61 1.29 170.75 -116.31 42.75 0.8657 -0.0778 -0.1354 -0.4755 2 3 1 3 0 0 0 0 0
-0.68 -0.30 0.43 30.44 -7.44 15.75 0.8771 -0.0491 -0.0490 -0.4752 2 3 1 3 0 0 0 0 0
-0.38 0.11 0.09 56.75 -31.19 -177.75 0.8679 0.0099 -0.0580 -0.4933 2 3 1 3 0 0 0 0 0
-0.52 -0.44 0.14 -10.50 -0.44 -0.06 0.8598 0.0118 -0.0588 -0.5071 2 3 1 3 0 0 0 0 0
-0.41 -0.52 0.17 6.12 0.75 -0.81 0.8601 0.0079 -0.0533 -0.5073 2 3 1 3 0 0 0 0 0
-0.37 -0.46 0.14 -7.25 -0.13 0.37 0.8602 0.0068 -0.0493 -0.5074 2 3 1 3 0 0 0 0 0
-0.32 -0.36 0.15 4.87 0.31 -0.19 0.8604 0.0061 -0.0461 -0.5075 2 3 1 3 0 0 0 0 0
-0.22 -0.34 0.13 -4.06 -0.25 0.13 0.8606 0.0038 -0.0425 -0.5075 2 3 1 3 0 0 0 0 0
-0.25 -0.14 0.06 7.69 -0.75 -1.44 0.8604 0.0046 -0.0411 -0.5079 3 3 1 3 0 0 0 0 0
-0.19 -0.20 0.13 5.06 -1.06 -0.13 0.8607 0.0029 -0.0389 -0.5078 3 3 1 3 0 0 78 0 0
-0.17 -0.32 0.16 -2.44 -0.44 0.25 0.8608 0.0026 -0.0375 -0.5074 3 3 1 3 0 0 2427 0 0
-0.21 -0.22 0.12 0.75 0.00 -0.06 0.8608 0.0023 -0.0363 -0.5075 3 3 1 3 0 0 3006 0 0
-0.18 -0.19 0.12 0.50 -0.25 0.00 0.8610 0.0018 -0.0353 -0.5074 3 3 1 3 0 0 3376 0 0
-0.17 -0.17 0.12 0.56 -0.31 0.00 0.8608 0.0015 -0.0344 -0.5077 3 3 1 3 0 0 3574 0 0
-0.15 -0.19 0.15 0.13 -0.19 0.13 0.8606 0.0010 -0.0335 -0.5082 3 3 1 3 0 0 3711 0 0
-0.15 -0.18 0.13 -0.62 0.06 0.19 0.8607 0.0007 -0.0328 -0.5081 3 3 1 3 0 0 3631 0 0
-0.13 -0.19 0.16 -0.56 0.06 0.06 0.8607 0.0004 -0.0320 -0.5081 3 3 1 3 0 0 0 0 0
-0.13 -0.16 0.16 -0.31 -0.13 0.13 0.8605 0.0003 -0.0316 -0.5084 3 3 1 3 0 0 0 0 0
-0.12 -0.13 0.10 0.62 -0.06 -0.06 0.8604 0.0001 -0.0311 -0.5087 3 3 1 3 0 0 0 0 0
-0.10 -0.15 0.13 -0.75 0.19 -0.06 0.8594 -0.0001 -0.0306 -0.5103 3 3 1 3 0 0 0 0 0
-0.10 -0.18 0.16 -1.12 -0.06 0.13 0.8593 -0.0003 -0.0302 -0.5105 3 3 1 3 0 0 0 0 0
-0.12 -0.10 0.13 -0.13 -0.13 0.06 0.8593 -0.0005 -0.0298 -0.5107 3 3 1 3 0 0 0 0 0
-0.08 -0.11 0.10 0.81 0.06 0.13 0.8591 -0.0006 -0.0295 -0.5109 3 3 1 3 0 0 0 0 0
-0.10 -0.10 0.09 0.19 -0.19 0.31 0.8584 -0.0009 -0.0291 -0.5121 3 3 1 3 0 0 0 0 0
-0.09 -0.08 0.13 -0.81 -0.13 0.19 0.8582 -0.0009 -0.0288 -0.5125 3 3 1 3 0 0 0 0 0
-0.08 -0.12 0.12 -0.69 0.13 0.06 0.8582 -0.0010 -0.0286 -0.5126 3 3 1 3 0 0 0 0 0
-0.07 -0.17 0.14 -0.06 -0.06 -0.37 0.8576 -0.0008 -0.0285 -0.5135 3 3 1 3 0 0 0 864 0
-0.07 -0.08 0.13 -0.69 0.13 -0.13 0.8576 -0.0014 -0.0279 -0.5135 3 3 1 3 0 0 0 2285 0
-0.07 0.00 0.08 0.31 -0.13 -0.13 0.8575 -0.0015 -0.0276 -0.5137 3 3 1 3 0 0 0 2414 0
-0.07 -0.06 0.11 0.69 -0.25 -0.06 0.8571 -0.0015 -0.0275 -0.5143 3 3 1 3 0 0 0 2285 0
-0.08 -0.04 0.12 -0.06 0.06 -0.25 0.8562 -0.0018 -0.0272 -0.5159 3 3 1 3 0 0 0 1815 0
-0.08 -0.12 0.12 -0.88 0.19 0.00 0.8561 -0.0018 -0.0270 -0.5161 3 3 1 3 0 0 0 0 0
-0.05 -0.08 0.16 0.50 -0.13 0.13 0.8557 -0.0018 -0.0270 -0.5168 3 3 1 3 0 0 0 0 0
0.04 -0.02 0.09 0.88 -1.06 -0.31 0.8557 -0.0020 -0.0270 -0.5168 3 3 1 3 0 0 0 0 0
-0.08 -0.11 0.12 -0.62 -0.13 0.00 0.8547 -0.0021 -0.0270 -0.5184 3 3 1 3 0 0 0 0 0
-0.08 -0.12 0.16 -0.75 -0.06 0.13 0.8543 -0.0023 -0.0269 -0.5190 3 3 1 3 0 0 0 0 0
-0.07 -0.09 0.14 -2.37 -0.19 0.13 0.8542 -0.0024 -0.0268 -0.5192 3 3 1 3 0 0 0 0 0
-0.06 -0.14 0.18 0.75 0.06 0.44 0.8542 -0.0021 -0.0270 -0.5192 3 3 1 3 0 0 0 0 0
-0.07 -0.04 0.13 -0.75 -0.13 -0.06 0.8542 -0.0026 -0.0267 -0.5192 3 3 1 3 0 0 0 0 0
-0.07 -0.08 0.12 -0.62 0.00 0.06 0.8542 -0.0023 -0.0269 -0.5192 3 3 1 3 0 0 0 0 0
-0.07 -0.10 0.14 0.88 0.25 -0.19 0.8542 -0.0024 -0.0268 -0.5192 3 3 1 3 0 0 0 0 0
-0.08 -0.07 0.16 -1.00 -0.31 0.25 0.8542 -0.0023 -0.0269 -0.5192 3 3 1 3 0 0 0 0 0
-0.06 -0.04 0.12 1.94 -0.31 -0.19 0.8542 -0.0023 -0.0269 -0.5192 3 3 1 3 0 0 0 0 0
-0.07 -0.05 0.13 -0.19 -0.13 0.00 0.8542 -0.0023 -0.0269 -0.5192 3 3 1 3 0 0 0 0 2487
-0.08 -0.08 0.12 0.13 0.25 0.00 0.8542 -0.0023 -0.0269 -0.5192 3 3 1 3 0 0 0 0 3254
-0.08 -0.06 0.08 -0.62 0.06 0.06 0.8542 -0.0026 -0.0267 -0.5192 3 3 1 3 0 0 0 0 3571
-0.08 -0.09 0.14 -0.69 -0.13 0.00 0.8542 -0.0024 -0.0269 -0.5192 3 3 1 3 0 0 0 0 3582
-0.08 -0.06 0.14 0.88 -0.06 0.00 0.8542 -0.0026 -0.0267 -0.5192 3 3 1 3 0 0 0 0 2365
-0.08 -0.10 0.13 -1.00 0.06 0.00 0.8542 -0.0024 -0.0268 -0.5192 3 3 1 3 0 0 0 0 0
-0.07 0.00 0.07 1.94 -0.19 -0.13 0.8542 -0.0024 -0.0268 -0.5192 3 3 1 3 0 0 0 0 0
-0.08 -0.11 0.13 -1.31 -0.13 0.19 0.8542 -0.0026 -0.0267 -0.5192 3 3 1 3 0 0 0 0 0
-0.07 -0.03 0.12 1.50 -0.56 -0.06 0.8542 -0.0024 -0.0269 -0.5192 3 3 1 3 0 0 0 0 0
-0.06 -0.11 0.14 -1.00 0.19 0.00 0.8542 -0.0026 -0.0267 -0.5192 3 3 1 3 0 0 0 0 0
-0.08 -0.07 0.12 0.00 -0.13 0.00 0.8542 -0.0026 -0.0267 -0.5192 3 3 1 3 0 0 0 0 0
-0.09 -0.07 0.16 0.44 0.13 -0.06 0.8542 -0.0026 -0.0267 -0.5192 3 3 1 3 0 0 0 0 0
-0.05 -0.01 0.09 0.69 -0.25 0.13 0.8542 -0.0026 -0.0267 -0.5192 3 3 1 3 0 0 0 0 0
-0.08 -0.15 0.16 -2.25 0.31 0.19 0.8542 -0.0028 -0.0266 -0.5192 3 3 1 3 0 0 0 0 0
-0.06 0.00 0.10 2.69 -0.25 -0.25 0.8542 -0.0027 -0.0267 -0.5192 3 3 1 3 0 0 0 0 0
-0.08 -0.07 0.14 -0.31 0.25 0.19 0.8542 -0.0028 -0.0266 -0.5192 3 3 1 3 0 0 0 0 0
-0.08 0.01 0.07 3.50 -0.56 0.06 0.8542 -0.0027 -0.0267 -0.5192 3 3 1 3 0 0 0 0 0
-0.04 0.01 0.10 1.62 -0.31 2.44 0.8546 -0.0027 -0.0267 -0.5186 3 3 1 3 0 0 0 0 0
-0.11 -0.09 0.16 0.25 0.62 1.06 0.8549 -0.0027 -0.0268 -0.5181 3 3 1 3 0 0 0 0 0
-0.10 -0.09 0.11 -0.94 0.00 -0.06 0.8555 -0.0028 -0.0267 -0.5172 3 3 1 3 0 2559 0 0 0
-0.09 -0.04 0.11 -0.75 0.31 0.44 0.8555 -0.0029 -0.0268 -0.5172 3 3 1 3 0 3263 0 0 0
-0.05 0.00 0.10 1.50 0.00 0.00 0.8555 -0.0029 -0.0269 -0.5172 3 3 1 3 0 3699 0 0 0
-0.09 -0.05 0.13 0.06 -0.06 0.00 0.8555 -0.0029 -0.0269 -0.5172 3 3 1 3 0 3731 0 0 0
-0.06 -0.04 0.14 0.06 0.00 0.00 0.8555 -0.0030 -0.0269 -0.5172 3 3 1 3 0 2771 0 0 0
-0.08 -0.09 0.17 -0.13 0.06 0.00 0.8555 -0.0030 -0.0269 -0.5172 3 3 1 3 0 0 0 0 0
-0.08 -0.03 0.12 1.06 -0.06 -0.37 0.8555 -0.0031 -0.0269 -0.5172 3 3 1 3 0 0 0 0 0
-0.08 -0.11 0.15 0.25 0.19 0.31 0.8555 -0.0028 -0.0272 -0.5171 3 3 1 3 0 0 0 0 0
-0.09 -0.15 0.20 0.69 -0.25 0.44 0.8556 -0.0030 -0.0272 -0.5170 3 3 1 3 0 0 0 0 0
-0.10 -0.08 0.16 -6.12 1.37 0.25 0.8555 -0.0031 -0.0270 -0.5170 3 3 1 3 0 0 0 0 0
-0.08 -0.15 0.15 -0.94 0.06 0.19 0.8555 -0.0032 -0.0270 -0.5170 3 3 1 3 0 0 0 0 0
-0.07 -0.02 0.11 0.19 -0.13 0.19 0.8555 -0.0031 -0.0270 -0.5170 3 3 1 3 0 0 0 0 0
-0.10 -0.12 0.12 3.94 -0.44 -0.44 0.8555 -0.0030 -0.0271 -0.5170 3 3 1 3 0 0 0 0 0
0.08 -0.14 0.16 -1.06 -2.12 0.37 0.8553 -0.0043 -0.0265 -0.5175 3 3 1 3 0 0 0 0 0
-0.04 -0.04 0.14 0.94 -0.56 0.00 0.8552 -0.0039 -0.0266 -0.5175 3 3 1 3 0 0 0 0 0
-0.11 -0.11 0.17 2.06 0.44 -0.81 0.8550 -0.0037 -0.0268 -0.5179 3 3 1 3 0 0 0 0 0
-0.10 -0.11 0.15 -0.94 -0.75 -0.37 0.8550 -0.0038 -0.0269 -0.5179 3 3 1 3 0 0 0 0 0
-0.12 -0.03 0.11 0.69 -0.25 0.44 0.8546 -0.0031 -0.0273 -0.5186 3 3 1 3 0 0 0 0 0
-0.03 -0.01 0.13 1.56 -0.37 -1.00 0.8545 -0.0041 -0.0268 -0.5188 3 3 1 3 0 0 0 0 0
-0.05 0.07 0.08 2.62 0.13 -0.37 0.8538 -0.0035 -0.0271 -0.5198 3 3 1 3 0 0 0 0 0
-0.45 -0.14 0.20 6.44 -4.31 -56.44 0.8359 -0.0060 -0.0289 -0.5481 3 3 1 3 1273 0 0 0 0
-0.19 -0.11 0.18 -3.00 0.25 0.75 0.8347 -0.0056 -0.0286 -0.5499 3 3 1 3 2543 0 0 0 0
-0.15 -0.09 0.14 -0.25 0.37 0.69 0.8345 -0.0056 -0.0283 -0.5502 3 3 1 3 3068 0 0 0 0
-0.13 -0.09 0.14 -1.00 -0.06 0.31 0.8344 -0.0057 -0.0280 -0.5505 3 3 1 3 3445 0 0 0 0
-0.10 -0.03 0.13 -0.62 -0.13 0.19 0.8347 -0.0056 -0.0276 -0.5499 3 3 1 3 3605 0 0 0 0
-0.14 -0.07 0.14 0.00 0.31 2.00 0.8343 -0.0057 -0.0272 -0.5507 3 3 1 3 3615 0 0 0 0
-0.09 -0.02 0.11 0.69 -0.06 0.06 0.8342 -0.0057 -0.0270 -0.5508 3 3 1 3 2823 0 0 0 0
-0.11 -0.07 0.18 -0.31 0.19 0.00 0.8340 -0.0057 -0.0267 -0.5511 3 3 1 3 0 0 0 0 0
-0.09 -0.01 0.09 0.37 -0.19 0.00 0.8334 -0.0058 -0.0264 -0.5521 3 3 1 3 0 0 0 0 0
-0.07 0.14 0.00 3.87 0.94 -0.06 0.8331 -0.0050 -0.0264 -0.5526 3 3 1 3 0 0 0 0 0
-0.12 -0.20 0.21 -2.19 0.94 -0.50 0.8329 -0.0060 -0.0255 -0.5527 3 3 1 3 0 0 0 0 0
-0.11 -0.06 0.15 -4.25 0.25 0.62 0.8316 -0.0057 -0.0256 -0.5547 3 3 1 3 0 0 0 0 0
-0.07 -0.05 0.18 1.69 0.56 0.06 0.8315 -0.0059 -0.0254 -0.5549 3 3 1 3 0 0 0 0 0
-0.06 -0.07 0.16 -4.75 -0.13 0.56 0.8314 -0.0064 -0.0249 -0.5551 3 3 1 3 0 0 0 0 0
-0.10 -0.01 0.13 3.12 0.13 0.25 0.8314 -0.0056 -0.0255 -0.5551 3 3 1 3 0 0 0 0 0
-0.10 -0.03 0.14 -0.81 -0.19 0.06 0.8314 -0.0067 -0.0247 -0.5552 3 3 1 3 0 0 0 0 0
-0.07 -0.03 0.13 -0.75 0.13 0.00 0.8313 -0.0058 -0.0253 -0.5552 3 3 1 3 0 0 0 0 0
-0.07 -0.05 0.15 0.88 -0.13 -0.06 0.8314 -0.0064 -0.0249 -0.5551 3 3 1 3 0 0 0 0 0
-0.08 0.00 0.12 -1.37 0.00 0.06 0.8310 -0.0061 -0.0251 -0.5557 3 3 1 3 0 0 0 0 0
-0.12 -0.02 0.10 2.75 -0.13 -0.31 0.8311 -0.0065 -0.0246 -0.5555 3 3 1 3 0 0 0 0 0
-0.15 -0.04 0.14 15.19 1.12 3.69 0.8320 0.0012 -0.0288 -0.5540 3 3 1 3 0 0 0 0 0
-0.17 0.18 0.05 37.88 -6.06 -18.06 0.8306 0.0129 -0.0389 -0.5554 3 3 1 3 0 0 0 0 0
0.00 -0.19 -0.13 58.06 -3.31 -3.31 0.8270 0.0358 -0.0576 -0.5580 3 3 1 3 0 0 0 0 0
-0.08 -0.06 0.01 -4.37 -2.00 -1.00 0.8256 0.0441 -0.0635 -0.5589 3 3 1 3 0 0 0 0 0
-0.08 -0.05 0.03 2.94 1.75 -0.13 0.8249 0.0440 -0.0635 -0.5600 3 3 1 3 0 0 0 0 0
-0.05 -0.06 0.02 -1.44 -0.94 0.13 0.8246 0.0440 -0.0634 -0.5604 3 3 1 3 0 0 0 0 0
-0.07 -0.05 -0.02 0.19 0.00 0.06 0.8244 0.0439 -0.0633 -0.5607 3 3 1 3 0 0 0 0 0
-0.05 -0.08 0.03 -1.75 -0.94 -0.19 0.8232 0.0428 -0.0630 -0.5626 3 3 1 3 0 0 0 0 0
-0.07 -0.07 0.00 0.75 0.50 0.06 0.8231 0.0424 -0.0627 -0.5627 3 3 1 3 0 0 0 0 0
-0.06 -0.04 0.00 0.62 0.25 0.13 0.8231 0.0424 -0.0627 -0.5628 3 3 1 3 0 0 0 0 0
-0.07 -0.05 0.00 0.06 0.00 0.19 0.8229 0.0425 -0.0627 -0.5632 3 3 1 3 0 0 0 0 0
-0.08 -0.04 0.00 1.12 0.69 0.31 0.8230 0.0429 -0.0626 -0.5630 3 3 1 3 0 0 0 0 0
-0.06 -0.04 0.03 -0.88 -0.31 -0.13 0.8224 0.0426 -0.0626 -0.5638 3 3 1 3 0 0 0 0 0
-0.06 -0.06 0.01 