 0 0 0
0.05 0.08 -0.31 0.00 0.19 0.00 0.9799 -0.0343 -0.0222 0.1956 0 3 0 0 0 0 0 0 0
0.05 0.04 -0.30 0.13 0.00 -0.06 0.9799 -0.0343 -0.0222 0.1956 0 3 0 0 0 0 0 0 0
0.07 0.06 -0.30 0.13 -0.19 0.19 0.9799 -0.0343 -0.0222 0.1956 0 3 0 0 0 0 0 0 0
0.08 0.06 -0.32 0.00 0.00 0.06 0.9799 -0.0343 -0.0222 0.1956 0 3 0 0 0 0 0 0 0
0.06 0.06 -0.30 0.06 -0.13 0.06 0.9799 -0.0343 -0.0222 0.1956 0 3 0 0 0 0 0 0 0
0.05 0.07 -0.28 0.06 -0.13 0.13 0.9799 -0.0343 -0.0222 0.1956 0 3 0 0 0 0 0 0 0
0.08 0.08 -0.31 0.00 -0.06 0.00 0.9799 -0.0343 -0.0222 0.1956 0 3 0 0 0 0 0 0 0
0.05 0.06 -0.30 -0.13 0.00 0.00 0.9799 -0.0343 -0.0222 0.1956 0 3 0 0 0 0 0 0 0
0.08 0.07 -0.30 0.13 0.00 0.00 0.9799 -0.0343 -0.0222 0.1956 0 3 0 0 0 0 0 0 0
0.04 0.09 -0.30 0.06 -0.19 0.06 0.9799 -0.0343 -0.0222 0.1956 0 3 0 0 0 0 0 0 0
0.04 0.09 -0.30 -0.06 -0.13 0.06 0.9799 -0.0343 -0.0222 0.1956 0 3 0 0 0 0 0 0 0
0.05 0.08 -0.30 0.06 0.13 0.06 0.9799 -0.0343 -0.0222 0.1956 0 3 0 0 0 0 0 0 0
0.06 0.06 -0.30 0.06 0.06 0.06 0.9799 -0.0343 -0.0222 0.1956 0 3 0 0 0 0 0 0 0
0.07 0.06 -0.31 0.06 -0.06 0.06 0.9799 -0.0343 -0.0222 0.1956 0 3 0 0 0 0 0 0 0
0.06 0.06 -0.33 0.00 0.19 0.00 0.9799 -0.0343 -0.0222 0.1956 0 3 0 0 0 0 0 0 0
0.07 0.05 -0.31 0.00 0.06 0.00 0.9799 -0.0343 -0.0222 0.1956 0 3 0 0 0 0 0 0 0
0.05 0.08 -0.31 0.06 0.06 0.19 0.9799 -0.0343 -0.0222 0.1956 0 3 0 0 0 0 0 0 0
0.05 0.07 -0.32 -0.06 -0.13 0.06 0.9799 -0.0343 -0.0222 0.1956 0 3 0 0 0 0 0 0 0
0.06 0.07 -0.30 0.00 -0.06 0.00 0.9799 -0.0343 -0.0222 0.1956 0 3 0 0 0 0 0 0 0
0.05 0.08 -0.29 0.06 0.00 0.00 0.9799 -0.0343 -0.0222 0.1956 0 3 0 0 0 0 0 0 0
0.06 0.08 -0.29 0.06 -0.25 0.06 0.9799 -0.0343 -0.0222 0.1956 0 3 0 0 0 0 0 0 0
0.05 0.07 -0.31 0.00 0.13 -0.13 0.9799 -0.0343 -0.0222 0.1956 0 3 0 0 0 0 0 0 0
0.06 0.06 -0.33 -0.06 -0.25 -0.06 0.9799 -0.0343 -0.0222 0.1956 0 3 0 0 0 0 0 0 0
0.06 0.08 -0.29 0.00 0.06 -0.06 0.9799 -0.0343 -0.0222 0.1956 0 3 0 0 0 0 0 0 0
0.06 0.05 -0.30 0.00 0.13 0.13 0.9799 -0.0343 -0.0222 0.1956 0 3 0 0 0 0 0 0 0
0.07 0.09 -0.31 0.06 0.06 0.06 0.9799 -0.0343 -0.0222 0.1956 0 3 0 0 0 0 0 0 0
0.06 0.07 -0.27 0.00 0.06 0.06 0.9799 -0.0343 -0.0222 0.1956 0 3 0 0 0 0 0 0 0
0.07 0.04 -0.29 0.06 0.13 0.06 0.9799 -0.0343 -0.0222 0.1956 0 3 0 0 0 0 0 0 0
0.06 0.08 -0.31 0.00 0.06 0.00 0.9799 -0.0343 -0.0222 0.1956 0 3 0 0 0 0 0 0 0
0.06 0.05 -0.28 0.00 0.06 0.19 0.9799 -0.0343 -0.0222 0.1956 0 3 0 0 0 0 0 0 0
0.07 0.07 -0.30 0.00 -0.19 0.00 0.9799 -0.0343 -0.0222 0.1956 0 3 0 0 0 0 0 0 0
0.06 0.05 -0.33 0.06 -0.06 -0.06 0.9799 -0.0343 -0.0222 0.1956 0 3 0 0 0 0 0 0 0
0.04 0.08 -0.31 -0.06 -0.06 0.00 0.9799 -0.0343 -0.0222 0.1956 0 3 0 0 0 0 0 0 0
0.06 0.08 -0.30 0.00 -0.13 -0.06 0.9799 -0.0343 -0.0222 0.1956 0 3 0 0 0 0 0 0 0
0.06 0.07 -0.26 0.06 0.06 -0.06 0.9799 -0.0343 -0.0222 0.1956 0 3 0 0 0 0 0 0 0
0.06 0.08 -0.33 0.13 0.00 0.00 0.9799 -0.0343 -0.0222 0.1956 0 3 0 0 0 0 0 0 0
0.08 0.07 -0.30 0.00 0.13 -0.06 0.9799 -0.0343 -0.0222 0.1956 0 3 0 0 0 0 0 0 0
0.07 0.07 -0.30 0.06 0.06 -0.06 0.9799 -0.0343 -0.0222 0.1956 0 3 0 0 0 0 0 0 0
0.06 0.06 -0.31 0.00 -0.06 0.06 0.9799 -0.0343 -0.0222 0.1956 0 3 0 0 0 0 0 0 0
0.05 0.07 -0.32 0.13 0.00 -0.13 0.9799 -0.0343 -0.0222 0.1956 0 3 0 0 0 0 0 0 0
0.08 0.10 -0.35 -0.13 0.25 0.00 0.9799 -0.0343 -0.0222 0.1956 0 3 0 0 0 0 0 0 0
0.06 0.08 -0.32 0.00 0.13 0.00 0.9799 -0.0343 -0.0222 0.1956 0 3 0 0 0 0 0 0 0
0.06 0.05 -0.29 -0.13 0.25 0.00 0.9799 -0.0343 -0.0222 0.1956 0 3 0 0 0 0 0 0 0
0.04 0.06 -0.31 0.00 -0.13 0.06 0.9799 -0.0343 -0.0222 0.1956 0 3 0 0 0 0 0 0 0
0.05 0.05 -0.28 0.00 0.25 0.00 0.9799 -0.0343 -0.0222 0.1956 0 3 0 0 0 0 0 0 0
0.07 0.08 -0.30 0.06 0.19 0.13 0.9799 -0.0343 -0.0222 0.1956 0 3 0 0 0 0 0 0 0
0.08 0.07 -0.31 0.00 0.06 0.06 0.9799 -0.0343 -0.0222 0.1956 0 3 0 0 0 0 0 0 0
0.06 0.08 -0.29 0.13 -0.06 0.25 0.9799 -0.0343 -0.0222 0.1956 0 3 0 0 0 0 0 0 0
0.06 0.09 -0.28 -0.06 0.31 -0.06 0.9799 -0.0343 -0.0222 0.1956 0 3 0 0 0 0 0 0 0
0.05 0.08 -0.33 0.00 -0.19 0.00 0.9799 -0.0343 -0.0222 0.1956 0 3 0 0 0 0 0 0 0
0.06 0.06 -0.31 -0.06 0.13 -0.06 0.9799 -0.0343 -0.0222 0.1956 0 3 0 0 0 0 0 0 0
0.06 0.06 -0.29 -0.06 -0.13 -0.06 0.9799 -0.0343 -0.0222 0.1956 0 3 0 0 0 0 0 0 0
0.06 0.08 -0.32 -0.06 0.00 0.00 0.9799 -0.0343 -0.0222 0.1956 0 3 0 0 0 0 0 0 0
0.06 0.07 -0.28 -0.06 0.06 -0.13 0.9799 -0.0343 -0.0222 0.1956 0 3 0 0 0 0 0 0 0
0.06 0.07 -0.30 -0.19 0.13 -0.06 0.9799 -0.0343 -0.0222 0.1956 0 3 0 0 0 0 0 0 0
0.06 0.07 -0.27 -0.13 0.00 -0.06 0.9799 -0.0343 -0.0222 0.1956 0 3 0 0 0 0 0 0 0
0.08 0.10 -0.30 0.00 0.25 -0.06 0.9799 -0.0343 -0.0222 0.1956 0 3 0 0 0 0 0 0 0
0.04 0.06 -0.32 0.13 0.00 0.06 0.9799 -0.0343 -0.0222 0.1956 0 3 0 0 0 0 0 0 0
0.07 0.07 -0.30 0.00 -0.06 -0.06 0.9799 -0.0343 -0.0222 0.1956 0 3 0 0 0 0 0 0 0
0.05 0.08 -0.30 -0.13 0.25 0.06 0.9799 -0.0343 -0.0222 0.1956 0 3 0 0 0 0 0 0 0
0.07 0.06 -0.31 -0.06 0.06 0.06 0.9799 -0.0343 -0.0222 0.1956 0 3 0 0 0 0 0 0 0
0.06 0.08 -0.31 -0.06 0.13 0.06 0.9799 -0.0343 -0.0222 0.1956 0 3 0 0 0 0 0 0 0
0.06 0.08 -0.33 0.00 0.00 0.06 0.9799 -0.0343 -0.0222 0.1956 0 3 0 0 0 0 0 0 0
0.06 0.10 -0.30 -0.06 0.06 0.13 0.9799 -0.0343 -0.0222 0.1956 0 3 0 0 0 0 0 0 0
0.06 0.07 -0.33 -0.06 0.06 -0.13 0.9799 -0.0343 -0.0222 0.1956 0 3 0 0 0 0 0 0 0
0.05 0.08 -0.29 0.06 -0.19 -0.06 0.9799 -0.0343 -0.0222 0.1956 0 3 0 0 0 0 0 0 0
0.07 0.09 -0.29 0.06 -0.19 0.13 0.9799 -0.0343 -0.0222 0.1956 0 3 0 0 0 0 0 0 0
0.05 0.07 -0.31 0.06 -0.13 0.06 0.9799 -0.0343 -0.0222 0.1956 0 3 0 0 0 0 0 0 0
0.06 0.06 -0.32 0.06 -0.13 -0.06 0.9799 -0.0343 -0.0222 0.1956 0 3 0 0 0 0 0 0 0
0.06 0.07 -0.32 0.00 0.06 0.13 0.9799 -0.0343 -0.0222 0.1956 0 3 0 0 0 0 0 0 0
0.06 0.09 -0.32 -0.06 -0.19 0.19 0.9799 -0.0343 -0.0222 0.1956 0 3 0 0 0 0 0 0 0
0.08 0.08 -0.28 -0.06 0.06 -0.06 0.9799 -0.0343 -0.0222 0.1956 0 3 0 0 0 0 0 0 0
0.06 0.09 -0.30 0.00 0.19 -0.06 0.9799 -0.0343 -0.0222 0.1956 0 3 0 0 0 0 0 0 0
0.07 0.06 -0.28 0.00 0.06 0.06 0.9799 -0.0343 -0.0222 0.1956 0 3 0 0 0 0 0 0 0
0.05 0.06 -0.29 0.06 -0.06 -0.06 0.9799 -0.0343 -0.0222 0.1956 0 3 0 0 0 0 0 0 0
0.08 0.05 -0.31 0.00 0.06 0.00 0.9799 -0.0343 -0.0222 0.1956 0 3 0 0 0 0 0 0 0
0.06 0.08 -0.29 0.06 0.13 0.00 0.9799 -0.0343 -0.0222 0.1956 0 3 0 0 0 0 0 0 0
0.05 0.07 -0.28 0.06 0.00 0.00 0.9799 -0.0343 -0.0222 0.1956 0 3 0 0 0 0 0 0 0
0.06 0.07 -0.28 -0.06 -0.13 -0.06 0.9799 -0.0343 -0.0222 0.1956 0 3 0 0 0 0 0 0 0
0.05 0.08 -0.30 0.00 -0.06 0.13 0.9799 -0.0343 -0.0222 0.1956 0 3 0 0 0 0 0 0 0
0.06 0.08 -0.29 0.13 0.00 0.06 0.9799 -0.0343 -0.0222 0.1956 0 3 0 0 0 0 0 0 0
0.06 0.09 -0.33 0.00 -0.13 0.06 0.9799 -0.0343 -0.0222 0.1956 0 3 0 0 0 0 0 0 0
0.07 0.07 -0.28 -0.06 0.13 0.13 0.9799 -0.0343 -0.0222 0.1956 0 3 0 0 0 0 0 0 0
0.06 0.04 -0.30 0.06 -0.19 0.13 0.9799 -0.0343 -0.0222 0.1956 0 3 0 0 0 0 0 0 0
0.05 0.08 -0.32 0.13 0.13 0.00 0.9799 -0.0343 -0.0222 0.1956 0 3 0 0 0 0 0 0 0
0.06 0.05 -0.29 -0.13 0.06 0.13 0.9799 -0.0343 -0.0222 0.1956 0 3 0 0 0 0 0 0 0
0.06 0.07 -0.31 0.00 0.00 0.00 0.9799 -0.0343 -0.0222 0.1956 0 3 0 0 0 0 0 0 0
0.06 0.09 -0.30 0.06 0.00 -0.06 0.9799 -0.0343 -0.0222 0.1956 0 3 0 0 0 0 0 0 0
0.07 0.05 -0.30 -0.13 0.06 -0.06 0.9799 -0.0343 -0.0222 0.1956 0 3 0 0 0 0 0 0 0
0.05 0.07 -0.31 0.00 0.19 -0.06 0.9799 -0.0343 -0.0222 0.1956 0 3 0 0 0 0 0 0 0
0.07 0.09 -0.35 0.06 0.06 0.00 0.9799 -0.0343 -0.0222 0.1956 0 3 0 0 0 0 0 0 0
0.06 0.09 -0.31 -0.06 0.19 0.13 0.9799 -0.0343 -0.0222 0.1956 0 3 0 0 0 0 0 0 0
0.06 0.06 -0.31 0.00 0.06 0.06 0.9799 -0.0343 -0.0222 0.1956 0 3 0 0 0 0 0 0 0
0.05 0.07 -0.27 0.06 0.00 0.00 0.9799 -0.0343 -0.0222 0.1956 0 3 0 0 0 0 0 0 0
0.06 0.08 -0.31 0.00 -0.25 0.00 0.9799 -0.0343 -0.0222 0.1956 0 3 0 0 0 0 0 0 0
0.05 0.07 -0.28 0.06 0.13 0.00 0.9799 -0.0343 -0.0222 0.1956 0 3 0 0 0 0 0 0 0
0.07 0.09 -0.30 0.13 0.00 -0.06 0.9799 -0.0343 -0.0222 0.1956 0 3 0 0 0 0 0 0 0
0.07 0.08 -0.33 -0.06 -0.06 0.13 0.9799 -0.0343 -0.0222 0.1956 0 3 0 0 0 0 0 0 0
0.04 0.08 -0.30 0.00 0.06 0.06 0.9799 -0.0343 -0.0222 0.1956 0 3 0 0 0 0 0 0 0
0.05 0.10 -0.27 0.13 0.19 0.00 0.9799 -0.0343 -0.0222 0.1956 0 3 0 0 0 0 0 0 0
0.07 0.05 -0.32 0.06 0.06 -0.25 0.9799 -0.0343 -0.0222 0.1956 0 3 0 0 0 0 0 0 0
0.05 0.09 -0.30 0.13 -0.37 -0.06 0.9799 -0.0343 -0.0222 0.1956 0 3 0 0 0 0 0 0 0
0.06 0.07 -0.31 0.19 -0.13 0.06 0.9799 -0.0343 -0.0222 0.1956 0 3 0 0 0 0 0 0 0
0.06 0.07 -0.29 0.00 0.00 -0.06 0.9799 -0.0343 -0.0222 0.1956 0 3 0 0 0 0 0 0 0
0.04 0.08 -0.32 0.06 0.00 0.00 0.9799 -0.0343 -0.0222 0.1956 0 3 0 0 0 0 0 0 0
0.05 0.09 -0.33 -0.13 0.06 -0.06 0.9799 -0.0343 -0.0222 0.1956 0 3 0 0 0 0 0 0 0
0.06 0.07 -0.30 0.00 -0.13 -0.06 0.9799 -0.0343 -0.0222 0.1956 0 3 0 0 0 0 0 0 0
0.07 0.06 -0.32 -0.19 0.31 -0.06 0.9799 -0.0343 -0.0222 0.1956 0 3 0 0 0 0 0 0 0
0.05 0.06 -0.32 -0.06 0.06 -0.06 0.9799 -0.0343 -0.0222 0.1956 0 3 0 0 0 0 0 0 0
0.07 0.07 -0.29 0.00 0.06 0.00 0.9799 -0.0343 -0.0222 0.1956 0 3 0 0 0 0 0 0 0
0.07 0.05 -0.32 0.13 0.00 -0.13 0.9799 -0.0343 -0.0222 0.1956 0 3 0 0 0 0 0 0 0
0.07 0.08 -0.33 0.06 0.06 0.00 0.9799 -0.0343 -0.0222 0.1956 0 3 0 0 0 0 0 0 0
0.06 0.08 -0.32 -0.06 0.00 -0.06 0.9799 -0.0343 -0.0222 0.1956 0 3 0 0 0 0 0 0 0
0.07 0.07 -0.31 0.00 -0.13 -0.06 0.9799 -0.0343 -0.0222 0.1956 0 3 0 0 0 0 0 0 0
0.06 0.06 -0.32 0.00 0.00 0.00 0.9799 -0.0343 -0.0222 0.1956 0 3 0 0 0 0 0 0 0
0.06 0.07 -0.30 -0.13 0.13 -0.06 0.9799 -0.0343 -0.0222 0.1956 0 3 0 0 0 0 0 0 0
0.06 0.08 -0.30 0.13 0.00 -0.19 0.9799 -0.0343 -0.0222 0.1956 0 3 0 0 0 0 0 0 0
0.07 0.10 -0.30 0.06 -0.06 0.13 0.9799 -0.0343 -0.0222 0.1956 0 3 0 0 0 0 0 0 0
0.04 0.06 -0.32 0.00 0.00 0.06 0.9799 -0.0343 -0.0222 0.1956 0 3 0 0 0 0 0 0 0
0.07 0.07 -0.28 0.06 -0.13 0.13 0.9799 -0.0343 -0.0222 0.1956 0 3 0 0 0 0 0 0 0
0.06 0.05 -0.32 -0.06 -0.19 0.06 0.9799 -0.0343 -0.0222 0.1956 0 3 0 0 0 0 0 0 0
0.07 0.07 -0.33 0.06 -0.06 0.00 0.9799 -0.0343 -0.0222 0.1956 0 3 0 0 0 0 0 0 0
0.07 0.07 -0.27 0.06 -0.06 0.00 0.9799 -0.0343 -0.0222 0.1956 0 3 0 0 0 0 0 0 0
0.06 0.06 -0.32 0.06 0.06 -0.13 0.9799 -0.0343 -0.0222 0.1956 0 3 0 0 0 0 0 0 0
0.08 0.08 -0.30 0.06 0.06 -0.06 0.9799 -0.0343 -0.0222 0.1956 0 3 0 0 0 0 0 0 0
0.07 0.05 -0.27 -0.06 0.19 0.00 0.9799 -0.0343 -0.0222 0.1956 0 3 0 0 0 0 0 0 0
0.07 0.08 -0.34 0.00 0.13 0.06 0.9799 -0.0343 -0.0222 0.1956 0 3 0 0 0 0 0 0 0
0.05 0.07 -0.32 0.00 0.00 0.06 0.9799 -0.0343 -0.0222 0.1956 0 3 0 0 0 0 0 0 0
0.05 0.08 -0.31 -0.06 -0.13 0.06 0.9799 -0.0343 -0.0222 0.1956 0 3 0 0 0 0 0 0 0
0.05 0.06 -0.32 0.00 0.06 0.00 0.9799 -0.0343 -0.0222 0.1956 0 3 0 0 0 0 0 0 0
0.07 0.07 -0.30 0.00 0.06 -0.06 0.9799 -0.0343 -0.0222 0.1956 0 3 0 0 0 0 0 0 0
0.04 0.06 -0.30 0.06 -0.13 0.00 0.9799 -0.0343 -0.0222 0.1956 0 3 0 0 0 0 0 0 0
0.06 0.07 -0.30 -0.06 0.13 0.00 0.9799 -0.0343 -0.0222 0.1956 0 3 0 0 0 0 0 0 0
0.06 0.09 -0.29 -0.06 0.19 0.00 0.9799 -0.0343 -0.0222 0.1956 0 3 0 0 0 0 0 0 0
0.05 0.08 -0.29 -0.06 -0.19 0.06 0.9799 -0.0343 -0.0222 0.1956 0 3 0 0 0 0 0 0 0
0.08 0.08 -0.31 0.06 0.13 0.00 0.9799 -0.0343 -0.0222 0.1956 0 3 0 0 0 0 0 0 0
0.04 0.06 -0.31 0.00 0.00 0.00 0.9799 -0.0343 -0.0222 0.1956 0 3 0 0 0 0 0 0 0
0.06 0.06 -0.31 -0.06 -0.13 0.00 0.9799 -0.0343 -0.0222 0.1956 0 3 0 0 0 0 0 0 0
0.07 0.07 -0.30 0.06 0.06 0.00 0.9799 -0.0343 -0.0222 0.1956 0 3 0 0 0 0 0 0 0
0.08 0.07 -0.32 0.13 0.00 -0.06 0.9799 -0.0343 -0.0222 0.1956 0 3 0 0 0 0 0 0 0
0.05 0.07 -0.31 0.00 0.06 -0.06 0.9799 -0.0343 -0.0222 0.1956 0 3 0 0 0 0 0 0 0
0.06 0.10 -0.32 0.00 -0.06 0.06 0.9799 -0.0343 -0.0222 0.1956 0 3 0 0 0 0 0 0 0
0.06 0.06 -0.35 -0.06 0.06 0.00 0.9799 -0.0343 -0.0222 0.1956 0 3 0 0 0 0 0 0 0
0.07 0.06 -0.31 0.13 -0.13 -0.06 0.9799 -0.0343 -0.0222 0.1956 0 3 0 0 0 0 0 0 0
0.07 0.08 -0.31 0.06 0.06 0.06 0.9799 -0.0343 -0.0222 0.1956 0 3 0 0 0 0 0 0 0
0.04 0.07 -0.35 0.19 -0.25 -0.06 0.9799 -0.0343 -0.0222 0.1956 0 3 0 0 0 0 0 0 0
0.07 0.08 -0.27 0.00 0.00 -0.25 0.9799 -0.0343 -0.0222 0.1956 0 3 0 0 0 0 0 0 0
0.06 0.05 -0.30 0.00 0.06 0.06 0.9799 -0.0343 -0.0222 0.1956 0 3 0 0 0 0 0 0 0
0.05 0.07 -0.30 0.06 -0.19 -0.13 0.9799 -0.0343 -0.0222 0.1956 0 3 0 0 0 0 0 0 0
0.07 0.09 -0.31 0.13 0.00 0.00 0.9799 -0.0343 -0.0222 0.1956 0 3 0 0 0 0 0 0 0
0.05 0.07 -0.32 -0.13 -0.06 -0.06 0.9799 -0.0343 -0.0222 0.1956 0 3 0 0 0 0 0 0 0
0.07 0.06 -0.29 0.06 0.00 -0.06 0.9799 -0.0343 -0.0222 0.1956 0 3 0 0 0 0 0 0 0
0.06 0.07 -0.30 0.00 -0.13 0.00 0.9799 -0.0343 -0.0222 0.1956 0 3 0 0 0 0 0 0 0
0.07 0.07 -0.33 0.00 -0.06 -0.19 0.9799 -0.0343 -0.0222 0.1956 0 3 0 0 0 0 0 0 0
0.06 0.08 -0.29 0.00 -0.06 -0.06 0.9799 -0.0343 -0.0222 0.1956 0 3 0 0 0 0 0 0 0
0.06 0.05 -0.33 0.00 -0.06 -0.06 0.9799 -0.0343 -0.0222 0.1956 0 3 0 0 0 0 0 0 0
0.06 0.07 -0.31 0.00 0.00 -0.06 0.9799 -0.0343 -0.0222 0.1956 0 3 0 0 0 0 0 0 0
0.06 0.06 -0.30 0.13 0.06 0.00 0.9799 -0.0343 -0.0222 0.1956 0 3 0 0 0 0 0 0 0
0.06 0.07 -0.32 0.00 -0.19 -0.13 0.9799 -0.0343 -0.0222 0.1956 0 3 0 0 0 0 0 0 0
0.07 0.07 -0.31 0.06 0.06 -0.06 0.9799 -0.0343 -0.0222 0.1956 0 3 0 0 0 0 0 0 0
0.08 0.07 -0.31 -0.13 0.00 0.06 0.9799 -0.0343 -0.0222 0.1956 0 3 0 0 0 0 0 0 0
0.06 0.07 -0.33 0.00 0.13 0.00 0.9799 -0.0343 -0.0222 0.1956 0 3 0 0 0 0 0 0 0
0.05 0.09 -0.29 0.00 -0.06 0.00 0.9799 -0.0343 -0.0222 0.1956 0 3 0 0 0 0 0 0 0
0.06 0.09 -0.32 0.00 0.06 0.13 0.9799 -0.0343 -0.0222 0.1956 0 3 0 0 0 0 0 0 0
0.05 0.07 -0.33 -0.13 -0.06 0.19 0.9799 -0.0343 -0.0222 0.1956 0 3 0 0 0 0 0 0 0
0.05 0.05 -0.31 -0.06 0.13 0.06 0.9799 -0.0343 -0.0222 0.1956 0 3 0 0 0 0 0 0 0
0.05 0.08 -0.34 -0.13 -0.25 -0.13 0.9799 -0.0343 -0.0222 0.1956 0 3 0 0 0 0 0 0 0
0.06 0.08 -0.32 -0.06 0.00 0.00 0.9799 -0.0343 -0.0222 0.1956 0 3 0 0 0 0 0 0 0
0.05 0.06 -0.33 0.06 -0.13 0.00 0.9799 -0.0343 -0.0222 0.1956 0 3 0 0 0 0 0 0 0
0.06 0.07 -0.30 0.00 0.00 0.06 0.9799 -0.0343 -0.0222 0.1956 0 3 0 0 0 0 0 0 0
0.04 0.08 -0.30 -0.13 -0.06 -0.13 0.9799 -0.0343 -0.0222 0.1956 0 3 0 0 0 0 0 0 0
0.06 0.05 -0.34 0.00 -0.06 -0.06 0.9799 -0.0343 -0.0222 0.1956 0 3 0 0 0 0 0 0 0
0.07 0.09 -0.29 0.00 0.06 0.06 0.9799 -0.0343 -0.0222 0.1956 0 3 0 0 0 0 0 0 0
0.07 0.07 -0.31 0.00 0.00 0.06 0.9799 -0.0343 -0.0222 0.1956 0 3 0 0 0 0 0 0 0
0.06 0.07 -0.35 0.19 -0.06 0.06 0.9799 -0.0343 -0.0222 0.1956 0 3 0 0 0 0 0 0 0
0.07 0.07 -0.29 0.13 -0.13 0.06 0.9799 -0.0343 -0.0222 0.1956 0 3 0 0 0 0 0 0 0
0.07 0.07 -0.31 0.13 0.13 0.06 0.9799 -0.0343 -0.0222 0.1956 0 3 0 0 0 0 0 0 0
0.05 0.05 -0.27 0.13 0.13 -0.06 0.9799 -0.0343 -0.0222 0.1956 0 3 0 0 0 0 0 0 0
0.06 0.07 -0.31 0.06 0.06 0.06 0.9799 -0.0343 -0.0222 0.1956 0 3 0 0 0 0 0 0 0
0.06 0.09 -0.33 -0.06 -0.06 -0.06 0.9799 -0.0343 -0.0222 0.1956 0 3 0 0 0 0 0 0 0
0.06 0.05 -0.29 -0.06 -0.13 0.06 0.9799 -0.0343 -0.0222 0.1956 0 3 0 0 0 0 0 0 0
0.06 0.05 -0.30 0.00 0.19 -0.06 0.9799 -0.0343 -0.0222 0.1956 0 3 0 0 0 0 0 0 0
0.05 0.07 -0.33 -0.13 -0.06 -0.06 0.9799 -0.0343 -0.0222 0.1956 0 3 0 0 0 0 0 0 0
0.07 0.07 -0.31 -0.06 -0.13 0.06 0.9799 -0.0343 -0.0222 0.1956 0 3 0 0 0 0 0 0 0
0.08 0.07 -0.30 -0.06 0.06 -0.13 0.9799 -0.0343 -0.0222 0.1956 0 3 0 0 0 0 0 0 0
0.12 0.04 -0.57 0.19 0.31 -0.06 0.9799 -0.0344 -0.0223 0.1956 0 3 0 0 0 0 0 0 0
0.08 0.05 -0.39 -0.19 -0.37 0.06 0.9799 -0.0344 -0.0223 0.1956 0 3 0 0 0 0 0 0 0
0.06 0.08 -0.34 0.00 -0.13 0.00 0.9799 -0.0344 -0.0223 0.1956 0 3 0 0 0 0 0 0 0
0.07 0.06 -0.29 0.00 -0.13 0.06 0.9799 -0.0344 -0.0223 0.1956 0 3 0 0 0 0 0 0 0
0.04 0.07 -0.30 -0.06 0.13 0.00 0.9799 -0.0344 -0.0223 0.1956 0 3 0 0 0 0 0 0 0
0.06 0.07 -0.33 -0.19 -0.06 0.00 0.9799 -0.0344 -0.0223 0.1956 0 3 0 0 0 0 0 0 0
0.05 0.08 -0.28 -0.06 0.00 0.06 0.9799 -0.0344 -0.0223 0.1956 0 3 0 0 0 0 0 0 0
0.07 0.07 -0.29 -0.13 0.13 -0.06 0.9799 -0.0344 -0.0223 0.1956 0 3 0 0 0 0 0 0 0
0.08 0.06 -0.32 -0.06 0.00 0.06 0.9799 -0.0344 -0.0223 0.1956 0 3 0 0 0 0 0 0 0
0.06 0.07 -0.31 -0.06 0.06 0.00 0.9799 -0.0344 -0.0223 0.1956 0 3 0 0 0 0 0 0 0
0.07 0.08 -0.31 0.13 0.06 0.00 0.9799 -0.0344 -0.0223 0.1956 0 3 0 0 0 0 0 0 0
0.06 0.06 -0.31 0.06 0.00 -0.06 0.9799 -0.0344 -0.0223 0.1956 0 3 0 0 0 0 0 0 0
0.05 0.07 -0.26 0.00 0.19 0.06 0.9799 -0.0344 -0.0223 0.1956 0 3 0 0 0 0 0 0 0
0.05 0.07 -0.32 0.00 -0.13 -0.06 0.9799 -0.0344 -0.0223 0.1956 0 3 0 0 0 0 0 0 0
0.06 0.07 -0.29 -0.06 -0.06 0.06 0.9799 -0.0344 -0.0223 0.1956 0 3 0 0 0 0 0 0 0
0.06 0.07 -0.31 0.06 -0.19 -0.06 0.9799 -0.0344 -0.0223 0.1956 0 3 0 0 0 0 0 0 0
0.09 0.07 -0.33 0.00 0.00 0.00 0.9799 -0.0344 -0.0223 0.1956 0 3 0 0 0 0 0 0 0
0.05 0.10 -0.29 0.00 0.00 -0.06 0.9799 -0.0344 -0.0223 0.1956 0 3 0 0 0 0 0 0 0
0.05 0.06 -0.32 0.06 -0.06 0.06 0.9799 -0.0344 -0.0223 0.1956 0 3 0 0 0 0 0 0 0
0.04 0.08 -0.30 0.00 0.06 0.06 0.9799 -0.0344 -0.0223 0.1956 0 3 0 0 0 0 0 0 0
0.05 0.08 -0.34 -0.13 0.25 0.06 0.9799 -0.0344 -0.0223 0.1956 0 3 0 0 0 0 0 0 0
0.04 0.07 -0.35 0.13 -0.13 0.00 0.9799 -0.0344 -0.0223 0.1956 0 3 0 0 0 0 0 0 0
0.07 0.09 -0.31 0.13 0.06 0.06 0.9799 -0.0344 -0.0223 0.1956 0 3 0 0 0 0 0 0 0
0.06 0.08 -0.30 0.06 -0.13 0.13 0.9799 -0.0344 -0.0223 0.1956 0 3 0 0 0 0 0 0 0
0.06 0.06 -0.26 0.19 0.06 0.13 0.9799 -0.0344 -0.0223 0.1956 0 3 0 0 0 0 0 0 0
0.07 0.08 -0.32 -0.06 0.00 0.19 0.9799 -0.0344 -0.0223 0.1956 0 3 0 0 0 0 0 0 0
0.06 0.08 -0.34 0.00 0.06 0.06 0.9799 -0.0344 -0.0223 0.1956 0 3 0 0 0 0 0 0 0
0.05 0.08 -0.28 0.00 -0.06 0.13 0.9799 -0.0344 -0.0223 0.1956 0 3 0 0 0 0 0 0 0
0.07 0.09 -0.31 0.00 0.00 0.06 0.9799 -0.0344 -0.0223 0.1956 0 3 0 0 0 0 0 0 0
0.05 0.08 -0.32 0.06 0.00 -0.06 0.9799 -0.0344 -0.0223 0.1956 0 3 0 0 0 0 0 0 0
0.06 0.08 -0.29 0.06 0.06 0.00 0.9799 -0.0344 -0.0223 0.1956 0 3 0 0 0 0 0 0 0
0.06 0.08 -0.29 0.06 0.19 -0.06 0.9799 -0.0344 -0.0223 0.1956 0 3 0 0 0 0 0 0 0
0.06 0.08 -0.27 0.00 0.06 -0.06 0.9799 -0.0344 -0.0223 0.1956 0 3 0 0 0 0 0 0 0
0.06 0.10 -0.31 -0.19 0.13 -0.13 0.9799 -0.0344 -0.0223 0.1956 0 3 0 0 0 0 0 0 0
0.06 0.09 -0.29 -0.06 0.25 -0.13 0.9799 -0.0344 -0.0223 0.1956 0 3 0 0 0 0 0 0 0
0.07 0.06 -0.31 0.13 -0.06 -0.13 0.9799 -0.0344 -0.0223 0.1956 0 3 0 0 0 0 0 0 0
0.08 0.08 -0.28 0.06 -0.13 -0.06 0.9799 -0.0344 -0.0223 0.1956 0 3 0 0 0 0 0 0 0
0.05 0.07 -0.32 -0.06 0.00 0.00 0.9799 -0.0344 -0.0223 0.1956 0 3 0 0 0 0 0 0 0
0.05 0.08 -0.27 0.06 -0.06 0.00 0.9799 -0.0344 -0.0223 0.1956 0 3 0 0 0 0 0 0 0
0.07 0.08 -0.30 0.06 0.06 -0.06 0.9799 -0.0344 -0.0223 0.1956 0 3 0 0 0 0 0 0 0
0.06 0.09 -0.32 0.19 -0.06 0.00 0.9799 -0.0344 -0.0223 0.1956 0 3 0 0 0 0 0 0 0
0.06 0.09 -0.30 0.13 -0.06 0.19 0.9799 -0.0344 -0.0223 0.1956 0 3 0 0 0 0 0 0 0
0.06 0.06 -0.31 0.06 -0.06 0.13 0.9799 -0.0344 -0.0223 0.1956 0 3 0 0 0 0 0 0 0
0.08 0.08 -0.32 0.00 -0.25 0.06 0.9799 -0.0344 -0.0223 0.1956 0 3 0 0 0 0 0 0 0
0.06 0.07 -0.30 -0.06 -0.19 0.00 0.9799 -0.0344 -0.0223 0.1956 0 3 0 0 0 0 0 0 0
0.07 0.07 -0.29 -0.06 -0.31 0.00 0.9799 -0.0344 -0.0223 0.1956 0 3 0 0 0 0 0 0 0
0.05 0.07 -0.32 0.06 0.13 0.06 0.9799 -0.0344 -0.0223 0.1956 0 3 0 0 0 0 0 0 0
0.07 0.07 -0.29 0.00 0.00 -0.06 0.9799 -0.0344 -0.0223 0.1956 0 3 0 0 0 0 0 0 0
0.04 0.11 -0.31 0.06 0.06 0.13 0.9799 -0.0344 -0.0223 0.1956 0 3 0 0 0 0 0 0 0
0.05 0.10 -0.30 0.06 0.06 0.06 0.9799 -0.0344 -0.0223 0.1956 0 3 0 0 0 0 0 0 0
0.06 0.09 -0.30 0.06 0.00 0.13 0.9799 -0.0344 -0.0223 0.1956 0 3 0 0 0 0 0 0 0
0.05 0.09 -0.30 0.06 -0.06 0.06 0.9799 -0.0344 -0.0223 0.1956 0 3 0 0 0 0 0 0 0
0.05 0.08 -0.29 0.00 -0.19 0.06 0.9799 -0.0344 -0.0223 0.1956 0 3 0 0 0 0 0 0 0
0.04 0.08 -0.34 0.00 0.13 -0.06 0.9799 -0.0344 -0.0223 0.1956 0 3 0 0 0 0 0 0 0
0.07 0.07 -0.28 0.06 -0.13 -0.06 0.9799 -0.0344 -0.0223 0.1956 0 3 0 0 0 0 0 0 0
0.04 0.09 -0.34 0.06 0.31 0.00 0.9799 -0.0344 -0.0223 0.1956 0 3 0 0 0 0 0 0 0
0.06 0.08 -0.30 0.06 -0.06 0.06 0.9799 -0.0344 -0.0223 0.1956 0 3 0 0 0 0 0 0 0
0.06 0.07 -0.31 -0.06 0.13 0.06 0.9799 -0.0344 -0.0223 0.1956 0 3 0 0 0 0 0 0 0
0.06 0.05 -0.29 -0.06 0.19 -0.13 0.9799 -0.0344 -0.0223 0.1956 0 3 0 0 0 0 0 0 0
0.07 0.08 -0.28 0.06 0.19 0.06 0.9799 -0.0344 -0.0223 0.1956 0 3 0 0 0 0 0 0 0
0.06 0.07 -0.27 0.06 -0.06 0.06 0.9799 -0.0344 -0.0223 0.1956 0 3 0 0 0 0 0 0 0
0.06 0.08 -0.31 0.00 0.00 0.00 0.9799 -0.0344 -0.0223 0.1956 0 3 0 0 0 0 0 0 0
0.08 0.09 -0.30 0.00 0.25 0.00 0.9799 -0.0344 -0.0223 0.1956 0 3 0 0 0 0 0 0 0
0.06 0.08 -0.29 -0.06 0.06 0.00 0.9799 -0.0344 -0.0223 0.1956 0 3 0 0 0 0 0 0 0
0.05 0.07 -0.28 -0.06 0.13 0.06 0.9799 -0.0344 -0.0223 0.1956 0 3 0 0 0 0 0 0 0
0.06 0.07 -0.30 0.00 0.06 0.00 0.9799 -0.0344 -0.0223 0.1956 0 3 0 0 0 0 0 0 0
0.05 0.09 -0.31 -0.06 0.31 0.06 0.9799 -0.0344 -0.0223 0.1956 0 3 0 0 0 0 0 0 0
0.04 0.08 -0.26 -0.06 0.00 0.06 0.9799 -0.0344 -0.0223 0.1956 0 3 0 0 0 0 0 0 0
0.08 0.08 -0.30 0.00 0.06 0.00 0.9799 -0.0344 -0.0223 0.1956 0 3 0 0 0 0 0 0 0
0.05 0.06 -0.32 0.06 -0.13 0.13 0.9799 -0.0344 -0.0223 0.1956 0 3 0 0 0 0 0 0 0
0.05 0.07 -0.31 0.00 -0.13 0.00 0.9799 -0.0344 -0.0223 0.1956 0 3 0 0 0 0 0 0 0
0.03 0.08 -0.29 0.19 0.00 0.06 0.9799 -0.0344 -0.0223 0.1956 0 3 0 0 0 0 0 0 0
0.06 0.07 -0.31 -0.06 0.13 0.00 0.9799 -0.0344 -0.0223 0.1956 0 3 0 0 0 0 0 0 0
0.06 0.07 -0.31 0.00 0.00 -0.19 0.9799 -0.0344 -0.0223 0.1956 0 3 0 0 0 0 0 0 0
0.05 0.07 -0.31 0.06 0.06 -0.13 0.9799 -0.0344 -0.0223 0.1956 0 3 0 0 0 0 0 0 0
0.05 0.08 -0.32 0.06 -0.06 0.00 0.9799 -0.0344 -0.0223 0.1956 0 3 0 0 0 0 0 0 0
0.06 0.07 -0.28 0.00 0.06 0.00 0.9799 -0.0344 -0.0223 0.1956 0 3 0 0 0 0 0 0 0
0.06 0.07 -0.31 0.00 0.00 -0.06 0.9799 -0.0344 -0.0223 0.1956 0 3 0 0 0 0 0 0 0
0.06 0.09 -0.31 0.00 -0.13 0.06 0.9799 -0.0344 -0.0223 0.1956 0 3 0 0 0 0 0 0 0
0.06 0.08 -0.33 0.00 -0.19 0.06 0.9799 -0.0344 -0.0223 0.1956 0 3 0 0 0 0 0 0 0
0.05 0.08 -0.30 0.00 -0.06 0.13 0.9799 -0.0344 -0.0223 0.1956 0 3 0 0 0 0 0 0 0
0.06 0.08 -0.27 0.06 0.06 -0.06 0.9799 -0.0344 -0.0223 0.1956 0 3 0 0 0 0 0 0 0
0.06 0.07 -0.31 0.00 -0.06 -0.06 0.9799 -0.0344 -0.0223 0.1956 0 3 0 0 0 0 0 0 0
0.05 0.08 -0.31 -0.06 0.00 -0.06 0.9799 -0.0344 -0.0223 0.1956 0 3 0 0 0 0 0 0 0
0.06 0.07 -0.30 -0.13 0.06 0.06 0.9799 -0.0344 -0.0223 0.1956 0 3 0 0 0 0 0 0 0
0.06 0.08 -0.31 0.00 0.19 -0.06 0.9799 -0.0344 -0.0223 0.1956 0 3 0 0 0 0 0 0 0
0.07 0.09 -0.31 0.06 -0.13 0.06 0.9799 -0.0344 -0.0223 0.1956 0 3 0 0 0 0 0 0 0
0.08 0.07 -0.30 -0.06 0.19 0.06 0.9799 -0.0344 -0.0223 0.1956 0 3 0 0 0 0 0 0 0
0.06 0.09 -0.33 -0.13 0.25 0.00 0.9799 -0.0344 -0.0223 0.1956 0 3 0 0 0 0 0 0 0
0.06 0.07 -0.28 -0.06 0.06 0.00 0.9799 -0.0344 -0.0223 0.1956 0 3 0 0 0 0 0 0 0
0.05 0.08 -0.33 0.00 -0.06 -0.13 0.9799 -0.0344 -0.0223 0.1956 0 3 0 0 0 0 0 0 0
0.06 0.08 -0.30 0.06 0.00 -0.13 0.9799 -0.0344 -0.0223 0.1956 0 3 0 0 0 0 0 0 0
0.05 0.09 -0.29 -0.13 -0.13 0.00 0.9799 -0.0344 -0.0223 0.1956 0 3 0 0 0 0 0 0 0
0.07 0.09 -0.27 -0.19 -0.06 0.00 0.9799 -0.0344 -0.0223 0.1956 0 3 0 0 0 0 0 0 0
0.06 0.10 -0.31 0.00 0.00 0.00 0.9799 -0.0344 -0.0223 0.1956 0 3 0 0 0 0 0 0 0
0.04 0.07 -0.27 -0.19 0.06 0.00 0.9799 -0.0344 -0.0223 0.1956 0 3 0 0 0 0 0 0 0
0.04 0.07 -0.31 -0.06 -0.06 -0.06 0.9799 -0.0344 -0.0223 0.1956 0 3 0 0 0 0 0 0 0
0.07 0.07 -0.32 -0.06 0.13 -0.13 0.9799 -0.0344 -0.0223 0.1956 0 3 0 0 0 0 0 0 0
0.05 0.09 -0.30 -0.06 0.00 0.00 0.9799 -0.0344 -0.0223 0.1956 0 3 0 0 0 0 0 0 0
0.06 0.08 -0.30 0.13 0.00 -0.13 0.9799 -0.0344 -0.0223 0.1956 0 3 0 0 0 0 0 0 0
0.06 0.08 -0.30 0.06 0.00 -0.06 0.9799 -0.0344 -0.0223 0.1956 0 3 0 0 0 0 0 0 0
0.06 0.05 -0.29 -0.06 0.00 -0.19 0.9799 -0.0344 -0.0223 0.1956 0 3 0 0 0 0 0 0 0
0.05 0.09 -0.28 0.06 0.13 0.06 0.9799 -0.0344 -0.0223 0.1956 0 3 0 0 0 0 0 0 0
0.07 0.07 -0.27 0.00 0.06 0.00 0.9799 -0.0344 -0.0223 0.1956 0 3 0 0 0 0 0 0 0
0.07 0.05 -0.32 -0.06 0.00 -0.13 0.9799 -0.0344 -0.0223 0.1956 0 3 0 0 0 0 0 0 0
0.06 0.09 -0.30 0.06 0.25 0.00 0.9799 -0.0344 -0.0223 0.1956 0 3 0 0 0 0 0 0 0
0.07 0.08 -0.31 0.06 0.06 0.13 0.9799 -0.0344 -0.0223 0.1956 0 3 0 0 0 0 0 0 0
0.07 0.08 -0.30 0.00 0.00 0.00 0.9799 -0.0344 -0.0223 0.1956 0 3 0 0 0 0 0 0 0
0.07 0.06 -0.30 0.00 0.06 0.00 0.9799 -0.0344 -0.0223 0.1956 0 3 0 0 0 0 0 0 0
0.06 0.07 -0.31 -0.06 -0.19 -0.13 0.9799 -0.0344 -0.0223 0.1956 0 3 0 0 0 0 0 0 0
0.05 0.09 -0.30 0.00 0.06 -0.06 0.9799 -0.0344 -0.0223 0.1956 0 3 0 0 0 0 0 0 0
0.05 0.09 -0.29 0.00 0.00 -0.06 0.9799 -0.0344 -0.0223 0.1956 0 3 0 0 0 0 0 0 0
0.06 0.07 -0.30 -0.13 0.00 0.00 0.9799 -0.0344 -0.0223 0.1956 0 3 0 0 0 0 0 0 0
0.05 0.09 -0.32 -0.06 -0.06 0.00 0.9799 -0.0344 -0.0223 0.1956 0 3 0 0 0 0 0 0 0
0.05 0.09 -0.29 0.13 0.06 -0.06 0.9799 -0.0344 -0.0223 0.1956 0 3 0 0 0 0 0 0 0
0.06 0.07 -0.34 0.06 0.00 0.00 0.9799 -0.0344 -0.0223 0.1956 0 3 0 0 0 0 0 0 0
0.06 0.08 -0.30 0.00 0.00 -0.19 0.9799 -0.0344 -0.0223 0.1956 0 3 0 0 0 0 0 0 0
0.06 0.07 -0.30 0.06 0.06 -0.06 0.9799 -0.0344 -0.0223 0.1956 0 3 0 0 0 0 0 0 0
0.06 0.07 -0.30 0.06 0.13 -0.13 0.9799 -0.0344 -0.0223 0.1956 0 3 0 0 0 0 0 0 0
0.06 0.08 -0.31 0.06 0.00 -0.06 0.9799 -0.0344 -0.0223 0.1956 0 3 0 0 0 0 0 0 0
0.05 0.07 -0.33 0.06 0.13 0.06 0.9799 -0.0344 -0.0223 0.1956 0 3 0 0 0 0 0 0 0
0.06 0.08 -0.30 0.00 -0.06 0.00 0.9799 -0.0344 -0.0223 0.1956 0 3 0 0 0 0 0 0 0
0.06 0.06 -0.31 0.06 -0.13 0.00 0.9799 -0.0344 -0.0223 0.1956 0 3 0 0 0 0 0 0 0
0.06 0.08 -0.31 0.00 0.00 0.06 0.9799 -0.0344 -0.0223 0.1956 0 3 0 0 0 0 0 0 0
0.08 0.08 -0.29 0.06 0.00 0.06 0.9799 -0.0344 -0.0223 0.1956 0 3 0 0 0 0 0 0 0
0.06 0.05 -0.35 0.06 -0.31 0.00 0.9799 -0.0344 -0.0223 0.1956 0 3 0 0 0 0 0 0 0
0.06 0.08 -0.30 0.00 -0.06 0.19 0.9799 -0.0344 -0.0223 0.1956 0 3 0 0 0 0 0 0 0
0.07 0.08 -0.30 0.06 0.06 0.00 0.9799 -0.0344 -0.0223 0.1956 0 3 0 0 0 0 0 0 0
0.07 0.06 -0.34 0.00 0.37 -0.06 0.9799 -0.0344 -0.0223 0.1956 0 3 0 0 0 0 0 0 0
0.05 0.08 -0.30 0.13 -0.06 0.06 0.9799 -0.0344 -0.0223 0.1956 0 3 0 0 0 0 0 0 0
0.04 0.06 -0.31 0.06 0.19 -0.13 0.9799 -0.0344 -0.0223 0.1956 0 3 0 0 0 0 0 0 0
0.05 0.09 -0.32 -0.06 0.19 0.06 0.9799 -0.0344 -0.0223 0.1956 0 3 0 0 0 0 0 0 0
0.07 0.07 -0.30 0.19 0.19 0.00 0.9799 -0.0344 -0.0223 0.1956 0 3 0 0 0 0 0 0 0
0.09 0.07 -0.31 0.06 -0.19 0.06 0.9799 -0.0344 -0.0223 0.1956 0 3 0 0 0 0 0 0 0
0.05 0.06 -0.27 0.00 -0.06 -0.13 0.9799 -0.0344 -0.0223 0.1956 0 3 0 0 0 0 0 0 0
0.06 0.11 -0.30 0.00 -0.06 0.00 0.9799 -0.0344 -0.0223 0.1956 0 3 0 0 0 0 0 0 0
0.06 0.09 -0.31 0.00 0.00 -0.06 0.9799 -0.0344 -0.0223 0.1956 0 3 0 0 0 0 0 0 0
0.06 0.08 -0.29 0.19 -0.06 -0.13 0.9799 -0.0344 -0.0223 0.1956 0 3 0 0 0 0 0 0 0
0.05 0.06 -0.31 -0.06 0.00 -0.06 0.9799 -0.0344 -0.0223 0.1956 0 3 0 0 0 0 0 0 0
0.06 0.08 -0.28 0.06 0.06 0.00 0.9799 -0.0344 -0.0223 0.1956 0 3 0 0 0 0 0 0 0
0.07 0.06 -0.29 0.19 -0.06 -0.06 0.9799 -0.0344 -0.0223 0.1956 0 3 0 0 0 0 0 0 0
0.04 0.07 -0.30 0.06 -0.06 -0.06 0.9799 -0.0344 -0.0223 0.1956 0 3 0 0 0 0 0 0 0
0.06 0.07 -0.33 0.00 -0.06 0.06 0.9799 -0.0344 -0.0223 0.1956 0 3 0 0 0 0 0 0 0
0.06 0.07 -0.29 0.06 0.00 0.00 0.9799 -0.0344 -0.0223 0.1956 0 3 0 0 0 0 0 0 0
0.05 0.07 -0.30 0.13 0.00 0.06 0.9799 -0.0344 -0.0223 0.1956 0 3 0 0 0 0 0 0 0
0.05 0.07 -0.27 0.00 0.37 0.00 0.9799 -0.0344 -0.0223 0.1956 0 3 0 0 0 0 0 0 0
0.06 0.06 -0.31 0.00 0.06 0.06 0.9799 -0.0344 -0.0223 0.1956 0 3 0 0 0 0 0 0 0
0.07 0.08 -0.29 0.06 0.00 0.06 0.9799 -0.0344 -0.0223 0.1956 0 3 0 0 0 0 0 0 0
0.06 0.07 -0.31 0.06 0.19 -0.13 0.9799 -0.0344 -0.0223 0.1956 0 3 0 0 0 0 0 0 0
0.06 0.09 -0.31 0.06 -0.13 -0.06 0.9799 -0.0344 -0.0223 0.1956 0 3 0 0 0 0 0 0 0
0.07 0.07 -0.30 0.13 0.00 0.06 0.9799 -0.0344 -0.0223 0.1956 0 3 0 0 0 0 0 0 0
0.06 0.08 -0.31 -0.06 0.06 0.00 0.9799 -0.0344 -0.0223 0.1956 0 3 0 0 0 0 0 0 0
0.07 0.09 -0.33 0.06 0.00 0.06 0.9799 -0.0344 -0.0223 0.1956 0 3 0 0 0 0 0 0 0
0.07 0.08 -0.25 -0.19 0.13 -0.19 0.9799 -0.0344 -0.0223 0.1956 0 3 0 0 0 0 0 0 0
0.05 0.08 -0.30 0.00 0.06 -0.06 0.9799 -0.0344 -0.0223 0.1956 0 3 0 0 0 0 0 0 0
0.05 0.09 -0.32 0.00 -0.06 0.00 0.9799 -0.0344 -0.0223 0.1956 0 3 0 0 0 0 0 0 0
0.06 0.08 -0.30 -0.25 0.25 -0.06 0.9799 -0.0344 -0.0223 0.1956 0 3 0 0 0 0 0 0 0
0.05 0.08 -0.30 0.13 0.00 -0.06 0.9799 -0.0344 -0.0223 0.1956 0 3 0 0 0 0 0 0 0
0.07 0.07 -0.29 0.19 0.00 0.06 0.9799 -0.0344 -0.0223 0.1956 0 3 0 0 0 0 0 0 0
0.07 0.08 -0.30 0.06 0.00 0.06 0.9799 -0.0344 -0.0223 0.1956 0 3 0 0 0 0 0 0 0
0.06 0.07 -0.31 0.06 -0.06 -0.06 0.9799 -0.0344 -0.0223 0.1956 0 3 0 0 0 0 0 0 0
0.06 0.07 -0.30 0.13 -0.19 0.00 0.9799 -0.0344 -0.0223 0.1956 0 3 0 0 0 0 0 0 0
0.05 0.07 -0.29 0.00 0.00 0.13 0.9799 -0.0344 -0.0223 0.1956 0 3 0 0 0 0 0 0 0
0.05 0.07 -0.31 0.00 0.00 0.06 0.9799 -0.0344 -0.0223 0.1956 0 3 0 0 0 0 0 0 0
0.03 0.07 -0.29 -0.13 0.06 -0.13 0.9799 -0.0344 -0.0223 0.1956 0 3 0 0 0 0 0 0 0
0.04 0.09 -0.30 0.06 -0.13 0.00 0.9799 -0.0344 -0.0223 0.1956 0 3 0 0 0 0 0 0 0
0.06 0.08 -0.29 0.00 0.06 -0.06 0.9799 -0.0344 -0.0223 0.1956 0 3 0 0 0 0 0 0 0
0.05 0.08 -0.29 0.06 -0.19 0.13 0.9799 -0.0344 -0.0223 0.1956 0 3 0 0 0 0 0 0 0
0.05 0.07 -0.32 0.06 0.00 0.00 0.9799 -0.0344 -0.0223 0.1956 0 3 0 0 0 0 0 0 0
0.05 0.07 -0.29 -0.13 -0.06 -0.13 0.9799 -0.0344 -0.0223 0.1956 0 3 0 0 0 0 0 0 0
0.05 0.07 -0.29 0.06 0.00 0.19 0.9799 -0.0344 -0.0223 0.1956 0 3 0 0 0 0 0 0 0
0.07 0.09 -0.31 0.06 -0.13 0.06 0.9799 -0.0344 -0.0223 0.1956 0 3 0 0 0 0 0 0 0
0.06 0.07 -0.30 0.00 -0.13 -0.13 0.9799 -0.0344 -0.0223 0.1956 0 3 0 0 0 0 0 0 0
0.06 0.09 -0.30 0.00 -0.06 -0.13 0.9799 -0.0344 -0.0223 0.1956 0 3 0 0 0 0 0 0 0
0.05 0.07 -0.31 -0.13 0.06 0.00 0.9799 -0.0344 -0.0223 0.1956 0 3 0 0 0 0 0 0 0
0.06 0.08 -0.31 0.06 -0.06 0.06 0.9799 -0.0344 -0.0223 0.1956 0 3 0 0 0 0 0 0 0
0.06 0.06 -0.34 -0.06 -0.06 -0.06 0.9799 -0.0344 -0.0223 0.1956 0 3 0 0 0 0 0 0 0
0.06 0.09 -0.31 0.06 -0.06 0.00 0.9799 -0.0344 -0.0223 0.1956 0 3 0 0 0 0 0 0 0
0.06 0.08 -0.30 0.06 0.06 0.00 0.9799 -0.0344 -0.0223 0.1956 0 3 0 0 0 0 0 0 0
0.07 0.09 -0.33 0.00 -0.13 0.00 0.9799 -0.0344 -0.0223 0.1956 0 3 0 0 0 0 0 0 0
0.04 0.08 -0.28 -0.06 -0.19 0.13 0.9799 -0.0344 -0.0223 0.1956 0 3 0 0 0 0 0 0 0
0.07 0.10 -0.29 -0.06 0.19 -0.13 0.9799 -0.0344 -0.0223 0.1956 0 3 0 0 0 0 0 0 0
0.06 0.07 -0.31 0.00 0.06 0.13 0.9799 -0.0344 -0.0223 0.1956 0 3 0 0 0 0 0 0 0
0.05 0.08 -0.28 0.19 -0.13 0.06 0.9799 -0.0344 -0.0223 0.1956 0 3 0 0 0 0 0 0 0
0.06 0.06 -0.32 0.06 0.19 0.00 0.9799 -0.0344 -0.0223 0.1956 0 3 0 0 0 0 0 0 0
0.07 0.08 -0.29 0.19 0.13 0.13 0.9799 -0.0344 -0.0223 0.1956 0 3 0 0 0 0 0 0 0
0.05 0.09 -0.32 0.13 -0.06 0.06 0.9799 -0.0344 -0.0223 0.1956 0 3 0 0 0 0 0 0 0
0.07 0.06 -0.30 0.00 0.00 0.06 0.9799 -0.0344 -0.0223 0.1956 0 3 0 0 0 0 0 0 0
0.07 0.07 -0.27 0.00 -0.06 0.25 0.9799 -0.0344 -0.0223 0.1956 0 3 0 0 0 0 0 0 0
0.08 0.09 -0.31 -0.06 -0.19 0.06 0.9799 -0.0344 -0.0223 0.1956 0 3 0 0 0 0 0 0 0
0.07 0.06 -0.30 0.13 -0.06 -0.06 0.9799 -0.0344 -0.0223 0.1956 0 3 0 0 0 0 0 0 0
0.07 0.08 -0.31 0.13 -0.06 0.00 0.9799 -0.0344 -0.0223 0.1956 0 3 0 0 0 0 0 0 0
0.06 0.08 -0.29 0.00 0.13 0.06 0.9799 -0.0344 -0.0223 0.1956 0 3 0 0 0 0 0 0 0
0.08 0.07 -0.32 -0.06 0.13 0.06 0.9799 -0.0344 -0.0223 0.1956 0 3 0 0 0 0 0 0 0
0.09 0.07 -0.39 -1.00 -0.31 2.50 0.9797 -0.0348 -0.0224 0.1962 0 3 0 0 0 0 0 0 0
0.11 0.04 -0.29 -0.81 -1.00 1.87 0.9774 -0.0350 -0.0209 0.2075 0 3 0 0 0 0 0 0 0
0.08 0.08 -0.31 0.00 0.00 0.06 0.9774 -0.0349 -0.0211 0.2075 0 3 0 0 0 0 0 0 0
0.07 0.07 -0.27 0.06 0.13 0.00 0.9774 -0.0347 -0.0212 0.2074 0 3 0 0 0 0 0 0 0
0.09 0.04 -0.30 0.00 -0.25 0.00 0.9774 -0.0347 -0.0214 0.2074 0 3 0 0 0 0 0 0 0
0.05 0.07 -0.30 0.19 0.06 0.13 0.9774 -0.0345 -0.0215 0.2074 0 3 0 0 0 0 0 0 0
0.04 0.14 -0.34 -0.06 1.37 20.12 0.9769 -0.0346 -0.0212 0.2100 0 3 0 0 0 0 0 0 0
0.09 0.05 -0.29 -0.06 0.00 -0.13 0.9761 -0.0347 -0.0211 0.2134 0 3 0 0 0 0 0 0 0
0.05 0.07 -0.30 0.00 -0.06 -0.13 0.9761 -0.0347 -0.0213 0.2134 0 3 0 0 0 0 0 0 0
0.08 0.06 -0.29 0.19 -0.13 0.13 0.9761 -0.0346 -0.0214 0.2134 0 3 0 0 0 0 0 0 0
0.07 0.05 -0.28 0.06 0.13 0.00 0.9761 -0.0345 -0.0215 0.2134 0 3 0 0 0 0 0 0 0
0.06 0.03 -0.30 0.00 -0.19 0.25 0.9761 -0.0344 -0.0216 0.2133 0 3 0 0 0 0 0 0 0
0.06 0.03 -0.30 0.00 -0.13 0.13 0.9761 -0.0344 -0.0217 0.2133 0 3 0 0 0 0 0 0 0
0.07 0.06 -0.29 0.00 0.06 0.19 0.9761 -0.0343 -0.0219 0.2133 0 3 0 0 0 0 0 0 0
0.07 0.07 -0.31 0.06 -0.13 0.00 0.9761 -0.0343 -0.0219 0.2133 0 3 0 0 0 0 0 0 0
0.09 0.04 -0.29 0.13 0.00 0.06 0.9761 -0.0343 -0.0219 0.2133 0 3 0 0 0 0 0 0 0
0.06 0.08 -0.32 0.06 0.06 0.13 0.9761 -0.0343 -0.0219 0.2133 0 3 0 0 0 0 0 0 0
0.06 0.04 -0.30 0.06 0.13 0.13 0.9761 -0.0343 -0.0219 0.2133 0 3 0 0 0 0 0 0 0
0.07 0.05 -0.31 0.06 0.06 0.00 0.9761 -0.0343 -0.0219 0.2133 0 3 0 0 0 0 0 0 0
0.07 0.03 -0.33 0.06 0.06 0.25 0.9761 -0.0343 -0.0219 0.2133 0 3 0 0 0 0 0 0 0
0.07 0.06 -0.27 0.06 0.00 0.06 0.9761 -0.0343 -0.0219 0.2133 0 3 0 0 0 0 0 0 0
0.06 0.06 -0.30 -0.19 0.19 0.06 0.9761 -0.0343 -0.0219 0.2133 0 3 0 0 0 0 0 0 0
0.07 0.04 -0.30 0.06 -0.13 -0.06 0.9761 -0.0343 -0.0219 0.2133 0 3 0 0 0 0 0 0 0
0.09 0.05 -0.32 0.06 0.06 -0.06 0.9761 -0.0343 -0.0219 0.2133 0 3 0 0 0 0 0 0 0
0.07 0.04 -0.33 -0.19 0.00 -0.25 0.9761 -0.0343 -0.0219 0.2133 0 3 0 0 0 0 0 0 0
0.05 0.06 -0.29 0.13 -0.25 0.06 0.9761 -0.0343 -0.0219 0.2133 0 3 0 0 0 0 0 0 0
0.04 0.03 -0.30 0.06 0.00 -0.19 0.9761 -0.0343 -0.0219 0.2133 0 3 0 0 0 0 0 0 0
0.07 0.05 -0.33 -0.06 0.25 0.06 0.9761 -0.0343 -0.0219 0.2133 0 3 0 0 0 0 0 0 0
0.05 0.03 -0.26 -0.06 0.13 0.00 0.9761 -0.0343 -0.0219 0.2133 0 3 0 0 0 0 0 0 0
0.05 0.06 -0.24 -0.06 0.06 0.00 0.9761 -0.0343 -0.0219 0.2133 0 3 0 0 0 0 0 0 0
0.07 0.02 -0.33 0.00 -0.06 -0.06 0.9761 -0.0343 -0.0219 0.2133 0 3 0 0 0 0 0 0 0
0.07 0.06 -0.30 0.00 -0.06 -0.13 0.9761 -0.0343 -0.0219 0.2133 0 3 0 0 0 0 0 0 0
0.07 0.05 -0.30 -0.13 -0.13 -0.19 0.9761 -0.0343 -0.0219 0.2133 0 3 0 0 0 0 0 0 0
0.07 0.06 -0.28 0.00 0.00 -0.06 0.9761 -0.0343 -0.0219 0.2133 0 3 0 0 0 0 0 0 0
0.06 0.06 -0.31 0.00 0.00 0.00 0.9761 -0.0343 -0.0219 0.2133 0 3 0 0 0 0 0 0 0
0.06 0.06 -0.29 -0.06 0.19 -0.13 0.9761 -0.0343 -0.0219 0.2133 0 3 0 0 0 0 0 0 0
0.07 0.05 -0.29 -0.13 0.13 -0.06 0.9761 -0.0343 -0.0219 0.2133 0 3 0 0 0 0 0 0 0
0.08 0.05 -0.29 -0.06 0.13 0.00 0.9761 -0.0343 -0.0219 0.2133 0 3 0 0 0 0 0 0 0
0.06 0.05 -0.31 -0.13 0.13 -0.13 0.9761 -0.0343 -0.0219 0.2133 0 3 0 0 0 0 0 0 0
0.07 0.05 -0.29 0.00 -0.06 -0.13 0.9761 -0.0343 -0.0219 0.2133 0 3 0 0 0 0 0 0 0
0.07 0.04 -0.30 0.00 -0.19 -0.13 0.9761 -0.0343 -0.0219 0.2133 0 3 0 0 0 0 0 0 0
0.07 0.04 -0.31 -0.19 0.13 -0.13 0.9761 -0.0343 -0.0219 0.2133 0 3 0 0 0 0 0 0 0
0.04 0.06 -0.30 0.00 0.06 0.19 0.9761 -0.0343 -0.0219 0.2133 0 3 0 0 0 0 0 0 0
0.07 0.06 -0.30 -0.13 0.00 0.13 0.9761 -0.0343 -0.0219 0.2133 0 3 0 0 0 0 0 0 0
0.07 0.03 -0.30 0.06 0.00 0.00 0.9761 -0.0343 -0.0219 0.2133 0 3 0 0 0 0 0 0 0
0.06 0.06 -0.29 -0.13 0.19 0.06 0.9761 -0.0343 -0.0219 0.2133 0 3 0 0 0 0 0 0 0
0.07 0.04 -0.33 -0.13 0.13 0.00 0.9761 -0.0343 -0.0219 0.2133 0 3 0 0 0 0 0 0 0
0.09 0.04 -0.32 0.25 0.06 0.06 0.9761 -0.0343 -0.0219 0.2133 0 3 0 0 0 0 0 0 0
0.07 0.09 -0.33 -0.37 0.13 0.00 0.9761 -0.0344 -0.0219 0.2133 0 3 0 0 0 0 0 0 0
0.07 0.03 -0.30 -0.13 0.19 -0.13 0.9761 -0.0346 -0.0219 0.2133 0 3 0 0 0 0 0 0 0
0.18 0.00 -0.33 -0.25 1.00 -0.06 0.9761 -0.0345 -0.0219 0.2133 0 3 0 0 0 0 0 0 0
0.07 0.08 -0.33 -0.25 0.06 -0.06 0.9761 -0.0345 -0.0219 0.2133 0 3 0 0 0 0 0 0 0
0.09 0.09 -0.30 1.19 -0.37 0.19 0.9761 -0.0344 -0.0219 0.2133 0 3 0 0 0 0 0 0 0
0.23 0.07 -0.32 -0.13 0.25 6.19 0.9744 -0.0339 -0.0211 0.2214 0 3 0 0 0 0 0 0 0
0.10 0.05 -0.30 -0.13 -0.19 0.06 0.9744 -0.0339 -0.0211 0.2214 0 3 0 0 0 0 0 0 0
0.09 0.05 -0.31 -0.19 0.06 0.06 0.9744 -0.0339 -0.0211 0.2214 0 3 0 0 0 0 0 0 0
0.08 0.05 -0.28 0.00 -0.06 0.00 0.9744 -0.0339 -0.0211 0.2214 0 3 0 0 0 0 0 0 0
0.08 0.04 -0.28 0.00 -0.06 0.13 0.9744 -0.0339 -0.0211 0.2214 0 3 0 0 0 0 0 0 0
0.06 0.04 -0.29 0.00 0.13 -0.13 0.9744 -0.0339 -0.0211 0.2214 0 3 0 0 0 0 0 0 0
0.09 0.05 -0.28 -0.13 -0.06 0.00 0.9744 -0.0339 -0.0211 0.2214 0 3 0 0 0 0 0 0 0
0.09 0.04 -0.32 0.06 0.31 -0.06 0.9744 -0.0339 -0.0211 0.2214 0 3 0 0 0 0 0 0 0
0.06 0.04 -0.30 0.00 -0.06 -0.06 0.9744 -0.0339 -0.0211 0.2214 0 3 0 0 0 0 0 0 0
0.09 0.05 -0.33 -0.13 -0.19 0.19 0.9744 -0.0339 -0.0211 0.2214 0 3 0 0 0 0 0 0 0
0.09 0.06 -0.30 0.00 0.13 -0.06 0.9744 -0.0339 -0.0211 0.2214 0 3 0 0 0 0 0 0 0
0.08 0.05 -0.31 0.06 0.19 0.06 0.9744 -0.0339 -0.0211 0.2214 0 3 0 0 0 0 0 0 0
0.08 0.04 -0.31 0.19 0.13 0.00 0.9744 -0.0339 -0.0211 0.2214 0 3 0 0 0 0 0 0 0
0.17 -0.01 -0.36 0.06 0.44 0.00 0.9744 -0.0339 -0.0211 0.2214 0 3 0 0 0 0 0 0 0
-0.05 -0.03 -0.53 28.00 16.94 26.50 0.9716 -0.0242 -0.0071 0.2354 0 3 0 0 0 0 0 0 0
0.30 -0.30 -0.22 -27.00 -11.13 -0.75 0.9716 -0.0330 -0.0178 0.2338 0 3 0 0 0 0 0 0 0
0.12 0.04 -0.26 0.00 0.06 -0.13 0.9716 -0.0330 -0.0181 0.2338 0 3 0 0 0 0 0 0 0
0.10 0.07 -0.28 -0.13 0.00 -0.13 0.9716 -0.0328 -0.0183 0.2338 0 3 0 0 0 0 0 0 0
0.10 0.04 -0.33 0.00 0.06 0.00 0.9716 -0.0327 -0.0184 0.2338 0 3 0 0 0 0 0 0 0
0.09 0.06 -0.33 -0.06 0.13 0.00 0.9716 -0.0327 -0.0186 0.2338 0 3 0 0 0 0 0 0 0
0.10 0.04 -0.27 0.06 -0.13 -0.06 0.9716 -0.0325 -0.0187 0.2338 0 3 0 0 0 0 0 0 0
0.08 0.00 -0.25 -0.19 0.06 0.13 0.9716 -0.0325 -0.0189 0.2338 0 3 0 0 0 0 0 0 0
0.07 0.04 -0.33 0.00 0.00 -0.06 0.9716 -0.0324 -0.0190 0.2337 0 3 0 0 0 0 0 0 0
0.07 0.04 -0.32 -0.13 0.37 -0.13 0.9716 -0.0323 -0.0192 0.2337 0 3 0 0 0 0 0 0 0
0.08 0.04 -0.29 0.13 -0.06 0.00 0.9716 -0.0323 -0.0193 0.2337 0 3 0 0 0 0 0 0 0
0.07 0.02 -0.36 0.00 -0.25 -0.06 0.9716 -0.0322 -0.0194 0.2337 0 3 0 0 0 0 0 0 0
0.08 0.05 -0.28 0.13 -0.06 0.00 0.9716 -0.0322 -0.0195 0.2337 0 3 0 0 0 0 0 0 0
0.07 0.05 -0.29 0.19 -0.06 -0.13 0.9716 -0.0322 -0.0197 0.2337 0 3 0 0 0 0 0 0 0
0.08 0.05 -0.26 0.25 -0.25 -0.06 0.9716 -0.0321 -0.0197 0.2337 0 3 0 0 0 0 0 0 0
0.07 0.03 -0.30 -0.06 -0.13 -0.06 0.9716 -0.0321 -0.0197 0.2337 0 3 0 0 0 0 0 0 0
0.07 0.02 -0.33 0.19 -0.25 0.06 0.9716 -0.0321 -0.0197 0.2337 0 3 0 0 0 0 0 0 0
0.06 0.03 -0.30 -0.19 -0.19 0.00 0.9716 -0.0321 -0.0197 0.2337 0 3 0 0 0 0 0 0 0
0.06 0.05 -0.31 -0.06 -0.13 -0.06 0.9716 -0.0321 -0.0197 0.2337 0 3 0 0 0 0 0 0 0
0.07 0.05 -0.32 -0.13 -0.13 -0.06 0.9716 -0.0321 -0.0197 0.2337 0 3 0 0 0 0 0 0 0
0.07 0.05 -0.32 -0.13 -0.13 0.06 0.9716 -0.0321 -0.0197 0.2337 0 3 0 0 0 0 0 0 0
0.07 0.06 -0.33 -0.06 0.00 0.06 0.9716 -0.0321 -0.0197 0.2337 0 3 0 0 0 0 0 0 0
0.06 0.06 -0.30 0.00 -0.06 -0.19 0.9716 -0.0321 -0.0197 0.2337 0 3 0 0 0 0 0 0 0
0.08 0.05 -0.31 0.00 0.06 0.00 0.9716 -0.0321 -0.0197 0.2337 0 3 0 0 0 0 0 0 0
0.05 0.06 -0.33 -0.13 0.06 0.00 0.9716 -0.0321 -0.0197 0.2337 0 3 0 0 0 0 0 0 0
0.08 0.05 -0.31 -0.13 0.13 -0.06 0.9716 -0.0321 -0.0197 0.2337 0 3 0 0 0 0 0 0 0
0.07 0.04 -0.30 0.00 -0.06 0.06 0.9716 -0.0321 -0.0197 0.2337 0 3 0 0 0 0 0 0 0
0.07 0.05 -0.30 0.00 0.00 0.00 0.9716 -0.0321 -0.0197 0.2337 0 3 0 0 0 0 0 0 0
0.07 0.04 -0.29 -0.13 0.06 0.06 0.9716 -0.0321 -0.0197 0.2337 0 3 0 0 0 0 0 0 0
0.07 0.03 -0.31 -0.13 0.13 0.06 0.9716 -0.0321 -0.0197 0.2337 0 3 0 0 0 0 0 0 0
0.07 0.03 -0.34 -0.19 0.00 0.06 0.9716 -0.0321 -0.0197 0.2337 0 3 0 0 0 0 0 0 0
0.07 0.03 -0.31 -0.13 -0.06 -0.06 0.9716 -0.0321 -0.0197 0.2337 0 3 0 0 0 0 0 0 0
0.07 0.05 -0.31 0.06 -0.06 0.00 0.9716 -0.0321 -0.0197 0.2337 0 3 0 0 0 0 0 0 0
0.08 0.04 -0.31 0.00 0.19 -0.06 0.9716 -0.0321 -0.0197 0.2337 0 3 0 0 0 0 0 0 0
0.08 -0.01 -0.65 0.13 -0.13 0.00 0.9716 -0.0321 -0.0197 0.2337 0 3 0 0 0 0 0 0 0
0.04 0.08 -0.08 0.06 0.19 -0.13 0.9716 -0.0322 -0.0198 0.2337 0 3 0 0 0 0 0 0 0
0.11 0.03 -0.23 0.19 0.19 -0.13 0.9716 -0.0322 -0.0198 0.2337 0 3 0 0 0 0 0 0 0
0.03 0.05 -0.35 0.06 0.00 -0.06 0.9716 -0.0322 -0.0198 0.2337 0 3 0 0 0 0 0 0 0
0.05 0.07 -0.34 0.13 0.00 -0.06 0.9716 -0.0322 -0.0198 0.2337 0 3 0 0 0 0 0 0 0
0.07 0.03 -0.32 0.00 0.00 0.06 0.9716 -0.0322 -0.0198 0.2337 0 3 0 0 0 0 0 0 0
0.07 0.03 -0.30 -0.06 -0.06 0.00 0.9716 -0.0322 -0.0198 0.2337 0 3 0 0 0 0 0 0 0
0.08 0.05 -0.29 0.00 0.00 -0.06 0.9716 -0.0322 -0.0198 0.2337 0 3 0 0 0 0 0 0 0
0.06 0.03 -0.29 0.00 0.06 -0.13 0.9716 -0.0322 -0.0198 0.2337 0 3 0 0 0 0 0 0 0
0.06 0.03 -0.31 0.06 0.19 -0.06 0.9716 -0.0322 -0.0198 0.2337 0 3 0 0 0 0 0 0 0
0.07 0.05 -0.30 0.13 0.13 0.06 0.9716 -0.0322 -0.0198 0.2337 0 3 0 0 0 0 0 0 0
0.06 0.02 -0.29 -0.06 0.06 0.00 0.9716 -0.0322 -0.0198 0.2337 0 3 0 0 0 0 0 0 0
0.08 0.04 -0.30 0.06 -0.06 0.06 0.9716 -0.0322 -0.0198 0.2337 0 3 0 0 0 0 0 0 0
0.06 0.04 -0.27 -0.06 0.06 0.06 0.9716 -0.0322 -0.0198 0.2337 0 3 0 0 0 0 0 0 0
0.07 0.04 -0.32 0.06 0.25 -0.06 0.9716 -0.0322 -0.0198 0.2337 0 3 0 0 0 0 0 0 0
0.07 0.02 -0.32 -0.06 0.00 0.13 0.9716 -0.0322 -0.0198 0.2337 0 3 0 0 0 0 0 0 0
0.07 0.04 -0.29 0.06 0.00 -0.13 0.9716 -0.0322 -0.0198 0.2337 0 3 0 0 0 0 0 0 0
0.06 0.03 -0.35 0.06 -0.06 0.00 0.9716 -0.0322 -0.0198 0.2337 0 3 0 0 0 0 0 0 0
0.06 0.04 -0.31 0.00 -0.06 0.00 0.9716 -0.0322 -0.0198 0.2337 0 3 0 0 0 0 0 0 0
0.07 0.05 -0.28 -0.06 0.19 -0.13 0.9716 -0.0322 -0.0198 0.2337 0 3 0 0 0 0 0 0 0
0.07 0.04 -0.31 -0.06 -0.13 -0.06 0.9716 -0.0322 -0.0198 0.2337 0 3 0 0 0 0 0 0 0
0.05 0.05 -0.27 0.13 0.00 0.00 0.9716 -0.0322 -0.0198 0.2337 0 3 0 0 0 0 0 0 0
0.05 0.03 -0.31 0.00 0.06 0.00 0.9716 -0.0322 -0.0198 0.2337 0 3 0 0 0 0 0 0 0
0.07 0.07 -0.31 -0.06 -0.06 -0.06 0.9716 -0.0322 -0.0198 0.2337 0 3 0 0 0 0 0 0 0
0.08 0.05 -0.30 0.00 0.13 -0.13 0.9716 -0.0322 -0.0198 0.2337 0 3 0 0 0 0 0 0 0
0.05 0.06 -0.33 0.00 0.06 -0.06 0.9716 -0.0322 -0.0198 0.2337 0 3 0 0 0 0 0 0 0
0.09 0.06 -0.31 0.00 0.06 -0.06 0.9716 -0.0322 -0.0198 0.2337 0 3 0 0 0 0 0 0 0
0.05 0.04 -0.31 -0.06 0.13 -0.06 0.9716 -0.0322 -0.0198 0.2337 0 3 0 0 0 0 0 0 0
0.06 0.03 -0.32 0.06 0.00 -0.06 0.9716 -0.0322 -0.0198 0.2337 0 3 0 0 0 0 0 0 0
0.05 0.03 -0.31 0.00 -0.19 0.13 0.9716 -0.0322 -0.0198 0.2337 0 3 0 0 0 0 0 0 0
0.08 0.04 -0.31 -0.06 0.13 -0.06 0.9716 -0.0322 -0.0198 0.2337 0 3 0 0 0 0 0 0 0
0.06 0.04 -0.29 0.00 0.00 -0.13 0.9716 -0.0322 -0.0198 0.2337 0 3 0 0 0 0 0 0 0
0.07 0.03 -0.31 0.06 -0.19 0.13 0.9716 -0.0322 -0.0198 0.2337 0 3 0 0 0 0 0 0 0
0.07 0.06 -0.33 0.06 0.19 0.06 0.9716 -0.0322 -0.0198 0.2337 0 3 0 0 0 0 0 0 0
0.05 0.06 -0.30 0.00 -0.06 -0.06 0.9716 -0.0322 -0.0198 0.2337 0 3 0 0 0 0 0 0 0
0.05 0.04 -0.29 0.00 -0.19 0.06 0.9716 -0.0322 -0.0198 0.2337 0 3 0 0 0 0 0 0 0
0.08 0.05 -0.31 0.00 0.06 0.00 0.9716 -0.0322 -0.0198 0.2337 0 3 0 0 0 0 0 0 0
0.09 0.03 -0.34 0.06 -0.06 0.06 0.9716 -0.0322 -0.0198 0.2337 0 3 0 0 0 0 0 0 0
0.06 0.04 -0.31 0.06 0.06 0.00 0.9716 -0.0322 -0.0198 0.2337 0 3 0 0 0 0 0 0 0
0.07 0.04 -0.33 -0.13 -0.19 0.00 0.9716 -0.0322 -0.0198 0.2337 0 3 0 0 0 0 0 0 0
0.08 0.05 -0.30 0.00 -0.25 0.00 0.9716 -0.0322 -0.0198 0.2337 0 3 0 0 0 0 0 0 0
0.10 0.06 -0.31 -0.06 -0.06 0.13 0.9716 -0.0322 -0.0198 0.2337 0 3 0 0 0 0 0 0 0
0.06 0.04 -0.32 -0.13 0.00 0.06 0.9716 -0.0322 -0.0198 0.2337 0 3 0 0 0 0 0 0 0
0.05 0.02 -0.31 0.00 -0.13 -0.13 0.9716 -0.0322 -0.0198 0.2337 0 3 0 0 0 0 0 0 0
0.08 0.05 -0.31 0.06 0.00 0.00 0.9716 -0.0322 -0.0198 0.2337 0 3 0 0 0 0 0 0 0
0.08 0.09 -0.30 -0.06 -0.06 0.06 0.9716 -0.0322 -0.0198 0.2337 0 3 0 0 0 0 0 0 0
0.07 0.03 -0.30 -0.06 0.13 0.00 0.9716 -0.0322 -0.0198 0.2337 0 3 0 0 0 0 0 0 0
0.06 0.04 -0.30 0.06 -0.06 0.00 0.9716 -0.0322 -0.0198 0.2337 0 3 0 0 0 0 0 0 0
0.08 0.05 -0.32 0.06 0.06 0.00 0.9716 -0.0322 -0.0198 0.2337 0 3 0 0 0 0 0 0 0
0.09 0.05 -0.32 -0.06 0.00 -0.06 0.9716 -0.0322 -0.0198 0.2337 0 3 0 0 0 0 0 0 0
0.07 0.05 -0.27 0.06 -0.13 0.00 0.9716 -0.0322 -0.0198 0.2337 0 3 0 0 0 0 0 0 0
0.05 0.02 -0.27 -0.19 0.00 -0.13 0.9716 -0.0322 -0.0198 0.2337 0 3 0 0 0 0 0 0 0
0.06 0.05 -0.35 -0.06 0.19 0.00 0.9716 -0.0322 -0.0198 0.2337 0 3 0 0 0 0 0 0 0
0.07 0.06 -0.28 0.06 0.19 -0.13 0.9716 -0.0322 -0.0198 0.2337 0 3 0 0 0 0 0 0 0
0.06 0.02 -0.33 0.19 0.19 0.06 0.9716 -0.0322 -0.0198 0.2337 0 3 0 0 0 0 0 0 0
0.09 0.05 -0.31 0.06 0.06 0.00 0.9716 -0.0322 -0.0198 0.2337 0 3 0 0 0 0 0 0 0
0.05 0.03 -0.32 0.19 -0.06 0.00 0.9716 -0.0322 -0.0198 0.2337 0 3 0 0 0 0 0 0 0
0.07 0.05 -0.29 0.19 0.00 0.06 0.9716 -0.0322 -0.0198 0.2337 0 3 0 0 0 0 0 0 0
0.06 0.04 -0.31 0.19 0.00 0.06 0.9716 -0.0322 -0.0198 0.2337 0 3 0 0 0 0 0 0 0
0.05 0.04 -0.30 0.06 0.06 0.00 0.9716 -0.0322 -0.0198 0.2337 0 3 0 0 0 0 0 0 0
0.06 0.03 -0.35 0.13 0.06 0.00 0.9716 -0.0322 -0.0198 0.2337 0 3 0 0 0 0 0 0 0
0.06 0.06 -0.30 0.00 0.13 -0.06 0.9716 -0.0322 -0.0198 0.2337 0 3 0 0 0 0 0 0 0
0.06 0.01 -0.25 -0.13 0.06 -0.13 0.9716 -0.0322 -0.0198 0.2337 0 3 0 0 0 0 0 0 0
0.06 0.03 -0.30 0.25 0.00 0.06 0.9716 -0.0322 -0.0198 0.2337 0 3 0 0 0 0 0 0 0
0.06 0.03 -0.30 -0.13 -0.06 0.06 0.9716 -0.0322 -0.0198 0.2337 0 3 0 0 0 0 0 0 0
0.09 0.03 -0.32 -0.06 -0.06 0.19 0.9716 -0.0322 -0.0198 0.2337 0 3 0 0 0 0 0 0 0
0.07 0.06 -0.29 1.31 0.37 0.00 0.9714 -0.0331 -0.0199 0.2343 0 3 0 0 0 0 0 0 0
0.06 0.12 -0.29 -6.12 -0.37 15.56 0.9707 -0.0351 -0.0207 0.2368 0 3 0 0 0 0 0 0 0
0.00 0.56 -0.32 25.25 4.00 -9.94 0.9675 -0.0370 -0.0209 0.2495 0 3 0 0 0 0 0 0 0
0.09 0.00 -0.30 0.25 0.13 -0.13 0.9691 -0.0341 -0.0206 0.2434 0 3 0 0 0 0 0 0 0
0.08 0.01 -0.28 0.13 -0.19 0.00 0.9691 -0.0341 -0.0207 0.2433 0 3 0 0 0 0 0 0 0
0.09 0.02 -0.30 0.19 0.00 -0.06 0.9691 -0.0340 -0.0208 0.2433 0 3 0 0 0 0 0 0 0
0.08 0.04 -0.29 0.13 0.19 0.00 0.9691 -0.0340 -0.0209 0.2433 0 3 0 0 0 0 0 0 0
0.07 0.03 -0.34 0.00 -0.06 -0.06 0.9691 -0.0339 -0.0211 0.2433 0 3 0 0 0 0 0 0 0
0.08 0.02 -0.28 0.06 -0.13 -0.13 0.9691 -0.0339 -0.0211 0.2433 0 3 0 0 0 0 0 0 0
0.08 0.03 -0.28 -0.13 0.00 0.00 0.9691 -0.0339 -0.0212 0.2433 0 3 0 0 0 0 0 0 0
0.06 0.03 -0.31 0.06 -0.06 -0.06 0.9691 -0.0338 -0.0213 0.2433 0 3 0 0 0 0 0 0 0
0.04 0.06 -0.19 -0.25 -0.06 -0.06 0.9691 -0.0338 -0.0214 0.2433 0 3 0 0 0 0 0 0 0
0.08 0.04 -0.23 0.19 0.19 -0.06 0.9691 -0.0338 -0.0215 0.2433 0 3 0 0 0 0 0 0 0
0.06 0.04 -0.31 0.06 0.13 -0.06 0.9691 -0.0337 -0.0215 0.2433 0 3 0 0 0 0 0 0 0
0.06 0.04 -0.33 0.00 0.06 0.00 0.9691 -0.0337 -0.0217 0.2433 0 3 0 0 0 0 0 0 0
0.05 0.02 -0.32 0.06 0.06 -0.19 0.9691 -0.0336 -0.0217 0.2433 0 3 0 0 0 0 0 0 0
0.07 0.05 -0.28 -0.06 0.00 0.06 0.9691 -0.0336 -0.0217 0.2433 0 3 0 0 0 0 0 0 0
0.06 0.03 -0.33 -0.06 -0.06 0.00 0.9691 -0.0336 -0.0217 0.2433 0 3 0 0 0 0 0 0 0
0.07 0.06 -0.31 0.06 0.00 0.06 0.9691 -0.0336 -0.0217 0.2433 0 3 0 0 0 0 0 0 0
0.05 0.02 -0.30 -0.06 -0.19 -0.06 0.9691 -0.0336 -0.0217 0.2433 0 3 0 0 0 0 0 0 0
0.06 0.02 -0.29 -0.06 0.00 0.06 0.9691 -0.0336 -0.0217 0.2433 0 3 0 0 0 0 0 0 0
0.06 0.05 -0.33 -0.06 0.00 0.06 0.9691 -0.0336 -0.0217 0.2433 0 3 0 0 0 0 0 0 0
0.07 0.02 -0.28 0.00 -0.25 0.13 0.9691 -0.0336 -0.0217 0.2433 0 3 0 0 0 0 0 0 0
0.05 0.03 -0.32 -0.06 0.00 0.06 0.9691 -0.0336 -0.0217 0.2433 0 3 0 0 0 0 0 0 0
0.06 0.02 -0.32 -0.06 0.00 0.00 0.9691 -0.0336 -0.0217 0.2433 0 3 0 0 0 0 0 0 0
0.07 0.03 -0.31 0.06 -0.13 -0.06 0.9691 -0.0336 -0.0217 0.2433 0 3 0 0 0 0 0 0 0
0.06 0.04 -0.31 -0.06 -0.06 0.13 0.9691 -0.0336 -0.0217 0.2433 0 3 0 0 0 0 0 0 0
0.04 0.01 -0.29 0.06 -0.19 0.06 0.9691 -0.0336 -0.0217 0.2433 0 3 0 0 0 0 0 0 0
0.06 0.04 -0.32 0.13 -0.13 0.06 0.9691 -0.0336 -0.0217 0.2433 0 3 0 0 0 0 0 0 0
0.05 0.04 -0.30 0.13 0.19 0.06 0.9691 -0.0336 -0.0217 0.2433 0 3 0 0 0 0 0 0 0
0.06 0.03 -0.26 0.19 -0.06 0.06 0.9691 -0.0336 -0.0217 0.2433 0 3 0 0 0 0 0 0 0
0.04 0.03 -0.32 -0.06 0.06 0.00 0.9691 -0.0336 -0.0217 0.2433 0 3 0 0 0 0 0 0 0
0.05 0.02 -0.29 -0.13 0.06 -0.06 0.9691 -0.0336 -0.0217 0.2433 0 3 0 0 0 0 0 0 0
0.06 0.04 -0.30 -0.13 0.13 -0.06 0.9691 -0.0336 -0.0217 0.2433 0 3 0 0 0 0 0 0 0
0.06 0.02 -0.33 -0.06 -0.13 0.19 0.9691 -0.0336 -0.0217 0.2433 0 3 0 0 0 0 0 0 0
0.06 0.00 -0.29 0.06 -0.06 0.06 0.9691 -0.0336 -0.0217 0.2433 0 3 0 0 0 0 0 0 0
0.04 0.03 -0.32 0.00 0.13 0.06 0.9691 -0.0336 -0.0217 0.2433 0 3 0 0 0 0 0 0 0
0.05 0.04 -0.28 0.06 -0.06 0.00 0.9691 -0.0336 -0.0217 0.2433 0 3 0 0 0 0 0 0 0
0.06 0.02 -0.31 -0.06 -0.13 0.06 0.9691 -0.0336 -0.0217 0.2433 0 3 0 0 0 0 0 0 0
0.05 0.02 -0.31 -0.06 0.06 0.13 0.9691 -0.0336 -0.0217 0.2433 0 3 0 0 0 0 0 0 0
0.07 0.05 -0.29 -0.06 0.19 -0.06 0.9691 -0.0336 -0.0217 0.2433 0 3 0 0 0 0 0 0 0
0.04 0.05 -0.31 -0.13 0.19 -0.13 0.9691 -0.0336 -0.0217 0.2433 0 3 0 0 0 0 0 0 0
0.07 0.05 -0.33 0.00 0.00 0.06 0.9691 -0.0336 -0.0217 0.2433 0 3 0 0 0 0 0 0 0
0.04 0.03 -0.28 0.00 0.13 0.00 0.9691 -0.0336 -0.0217 0.2433 0 3 0 0 0 0 0 0 0
0.05 0.04 -0.30 -0.13 0.00 0.00 0.9691 -0.0336 -0.0217 0.2433 0 3 0 0 0 0 0 0 0
0.07 0.03 -0.30 -0.06 0.13 0.06 0.9691 -0.0336 -0.0217 0.2433 0 3 0 0 0 0 0 0 0
0.07 0.04 -0.29 0.06 0.06 0.00 0.9691 -0.0336 -0.0217 0.2433 0 3 0 0 0 0 0 0 0
0.06 0.05 -0.29 -0.06 -0.19 0.00 0.9691 -0.0336 -0.0217 0.2433 0 3 0 0 0 0 0 0 0
0.04 0.01 -0.30 -0.06 -0.13 0.06 0.9691 -0.0336 -0.0217 0.2433 0 3 0 0 0 0 0 0 0
0.08 0.03 -0.29 -0.06 -0.06 0.00 0.9691 -0.0336 -0.0217 0.2433 0 3 0 0 0 0 0 0 0
0.03 0.03 -0.27 0.00 -0.19 0.13 0.9691 -0.0336 -0.0217 0.2433 0 3 0 0 0 0 0 0 0
0.05 0.03 -0.27 0.00 0.06 -0.13 0.9691 -0.0336 -0.0217 0.2433 0 3 0 0 0 0 0 0 0
0.04 0.05 -0.32 -0.13 0.06 0.00 0.9691 -0.0336 -0.0217 0.2433 0 3 0 0 0 0 0 0 0
0.05 0.01 -0.30 0.00 0.06 0.00 0.9691 -0.0336 -0.0217 0.2433 0 3 0 0 0 0 0 0 0
0.04 0.01 -0.28 -0.06 0.00 0.00 0.9691 -0.0336 -0.0217 0.2433 0 3 0 0 0 0 0 0 0
0.06 0.00 -0.34 0.00 0.00 0.06 0.9691 -0.0336 -0.0217 0.2433 0 3 0 0 0 0 0 0 0
0.04 0.03 -0.28 0.13 0.06 0.00 0.9691 -0.0336 -0.0217 0.2433 0 3 0 0 0 0 0 0 0
0.06 0.05 -0.32 0.00 0.13 0.13 0.9691 -0.0336 -0.0217 0.2433 0 3 0 0 0 0 0 0 0
0.07 0.03 -0.30 0.00 0.00 0.13 0.9691 -0.0336 -0.0217 0.2433 0 3 0 0 0 0 0 0 0
0.07 0.03 -0.28 0.13 0.06 -0.06 0.9691 -0.0336 -0.0217 0.2433 0 3 0 0 0 0 0 0 0
0.06 0.02 -0.33 0.13 0.19 0.06 0.9691 -0.0336 -0.0217 0.2433 0 3 0 0 0 0 0 0 0
0.06 0.03 -0.34 -0.13 0.00 0.13 0.9691 -0.0336 -0.0217 0.2433 0 3 0 0 0 0 0 0 0
0.06 0.03 -0.32 0.06 -0.06 -0.06 0.9691 -0.0336 -0.0217 0.2433 0 3 0 0 0 0 0 0 0
0.04 0.02 -0.32 0.06 -0.06 0.13 0.9691 -0.0336 -0.0217 0.2433 0 3 0 0 0 0 0 0 0
0.06 0.02 -0.28 0.13 0.13 -0.13 0.9691 -0.0336 -0.0217 0.2433 0 3 0 0 0 0 0 0 0
0.06 0.04 -0.30 -0.13 0.00 0.00 0.9691 -0.0336 -0.0217 0.2433 0 3 0 0 0 0 0 0 0
0.05 0.04 -0.29 0.13 0.25 -0.06 0.9691 -0.0336 -0.0217 0.2433 0 3 0 0 0 0 0 0 0
0.05 0.04 -0.28 0.06 0.00 0.06 0.9691 -0.0336 -0.0217 0.2433 0 3 0 0 0 0 0 0 0
0.05 0.00 -0.32 0.00 0.06 -0.06 0.9691 -0.0336 -0.0217 0.2433 0 3 0 0 0 0 0 0 0
0.05 0.04 -0.31 -0.13 -0.06 0.13 0.9691 -0.0336 -0.0217 0.2433 0 3 0 0 0 0 0 0 0
0.06 0.03 -0.30 -0.06 0.00 0.19 0.9691 -0.0336 -0.0217 0.2433 0 3 0 0 0 0 0 0 0
0.04 0.04 -0.30 0.00 -0.31 0.06 0.9691 -0.0336 -0.0217 0.2433 0 3 0 0 0 0 0 0 0
0.06 0.04 -0.32 -0.06 0.00 0.13 0.9691 -0.0336 -0.0217 0.2433 0 3 0 0 0 0 0 0 0
0.06 0.04 -0.30 -0.13 0.13 0.00 0.9691 -0.0336 -0.0217 0.2433 0 3 0 0 0 0 0 0 0
0.07 0.04 -0.32 0.06 0.00 -0.13 0.9691 -0.0336 -0.0217 0.2433 0 3 0 0 0 0 0 0 0
0.08 0.04 -0.30 0.06 0.00 0.00 0.9691 -0.0336 -0.0217 0.2433 0 3 0 0 0 0 0 0 0
0.04 0.04 -0.29 -0.13 0.25 -0.13 0.9691 -0.0336 -0.0217 0.2433 0 3 0 0 0 0 0 0 0
0.04 0.04 -0.31 -0.13 0.06 -0.13 0.9691 -0.0336 -0.0217 0.2433 0 3 0 0 0 0 0 0 0
0.06 0.04 -0.30 0.06 -0.06 0.06 0.9691 -0.0336 -0.0217 0.2433 0 3 0 0 0 0 0 0 0
0.07 0.05 -0.33 0.19 0.06 -0.13 0.9691 -0.0336 -0.0217 0.2433 0 3 0 0 0 0 0 0 0
0.05 0.02 -0.30 0.00 -0.13 0.13 0.9691 -0.0336 -0.0217 0.2433 0 3 0 0 0 0 0 0 0
0.05 0.02 -0.33 0.06 0.00 -0.06 0.9691 -0.0336 -0.0217 0.2433 0 3 0 0 0 0 0 0 0
0.06 0.03 -0.31 0.06 -0.13 0.06 0.9691 -0.0336 -0.0217 0.2433 0 3 0 0 0 0 0 0 0
0.04 0.04 -0.28 0.00 0.00 0.06 0.9691 -0.0336 -0.0217 0.2433 0 3 0 0 0 0 0 0 0
0.04 0.01 -0.32 0.00 -0.06 0.00 0.9691 -0.0336 -0.0217 0.2433 0 3 0 0 0 0 0 0 0
0.04 0.02 -0.31 0.13 -0.06 0.06 0.9691 -0.0336 -0.0217 0.2433 0 3 0 0 0 0 0 0 0
0.05 0.02 -0.30 0.00 0.13 0.13 0.9691 -0.0336 -0.0217 0.2433 0 3 0 0 0 0 0 0 0
0.05 0.03 -0.34 0.00 0.13 -0.06 0.9691 -0.0336 -0.0217 0.2433 0 3 0 0 0 0 0 0 0
0.06 0.05 -0.31 0.00 -0.06 0.06 0.9691 -0.0336 -0.0217 0.2433 0 3 0 0 0 0 0 0 0
0.05 0.02 -0.31 -0.13 0.13 -0.06 0.9691 -0.0336 -0.0217 0.2433 0 3 0 0 0 0 0 0 0
0.07 0.05 -0.28 -0.06 -0.13 0.06 0.9691 -0.0336 -0.0217 0.2433 0 3 0 0 0 0 0 0 0
0.06 0.03 -0.31 0.06 -0.06 0.00 0.9691 -0.0336 -0.0217 0.2433 0 3 0 0 0 0 0 0 0
0.05 0.06 -0.29 0.00 -0.06 0.13 0.9691 -0.0336 -0.0217 0.2433 0 3 0 0 0 0 0 0 0
0.06 0.03 -0.28 -0.25 0.00 0.06 0.9691 -0.0336 -0.0217 0.2433 0 3 0 0 0 0 0 0 0
0.06 0.03 -0.29 -0.06 0.06 0.06 0.9691 -0.0336 -0.0217 0.2433 0 3 0 0 0 0 0 0 0
0.06 0.03 -0.33 -0.06 0.13 0.00 0.9691 -0.0336 -0.0217 0.2433 0 3 0 0 0 0 0 0 0
0.07 0.02 -0.29 0.19 -0.06 0.06 0.9691 -0.0336 -0.0217 0.2433 0 3 0 0 0 0 0 0 0
0.07 0.04 -0.29 0.00 0.00 0.00 0.9691 -0.0336 -0.0217 0.2433 0 3 0 0 0 0 0 0 0
0.06 0.04 -0.31 -0.06 -0.19 0.00 0.9691 -0.0336 -0.0217 0.2433 0 3 0 0 0 0 0 0 0
0.05 0.02 -0.26 -0.06 0.00 -0.06 0.9691 -0.0336 -0.0217 0.2433 0 3 0 0 0 0 0 0 0
0.05 0.02 -0.31 0.13 -0.13 -0.06 0.9691 -0.0336 -0.0217 0.2433 0 3 0 0 0 0 0 0 0
0.05 0.02 -0.30 -0.06 -0.06 -0.13 0.9691 -0.0336 -0.0217 0.2433 0 3 0 0 0 0 0 0 0
0.06 0.04 -0.30 -0.06 0.13 -0.06 0.9691 -0.0336 -0.0217 0.2433 0 3 0 0 0 0 0 0 0
0.05 0.04 -0.32 -0.13 0.00 0.00 0.9691 -0.0336 -0.0217 0.2433 0 3 0 0 0 0 0 0 0
0.07 0.02 -0.30 0.06 -0.06 0.00 0.9691 -0.0336 -0.0217 0.2433 0 3 0 0 0 0 0 0 0
0.03 0.01 -0.31 -0.19 -0.13 0.06 0.9691 -0.0336 -0.0217 0.2433 0 3 0 0 0 0 0 0 0
0.06 0.04 -0.30 0.00 0.00 0.00 0.9691 -0.0336 -0.0217 0.2433 0 3 0 0 0 0 0 0 0
0.05 0.04 -0.31 -0.06 0.00 0.06 0.9691 -0.0336 -0.0217 0.2433 0 3 0 0 0 0 0 0 0
0.06 0.04 -0.31 0.06 0.00 0.06 0.9691 -0.0336 -0.0217 0.2433 0 3 0 0 0 0 0 0 0
0.05 0.03 -0.29 0.06 -0.25 -0.06 0.9691 -0.0336 -0.0217 0.2433 0 3 0 0 0 0 0 0 0
0.06 0.03 -0.29 -0.06 -0.13 0.06 0.9691 -0.0336 -0.0217 0.2433 0 3 0 0 0 0 0 0 0
0.05 0.03 -0.29 -0.06 0.00 -0.06 0.9691 -0.0336 -0.0217 0.2433 0 3 0 0 0 0 0 0 0
0.06 0.04 -0.32 0.06 -0.13 0.00 0.9691 -0.0336 -0.0217 0.2433 0 3 0 0 0 0 0 0 0
0.05 0.03 -0.30 -0.06 -0.13 -0.13 0.9691 -0.0336 -0.0217 0.2433 0 3 0 0 0 0 0 0 0
0.05 0.04 -0.31 -0.06 -0.25 0.06 0.9691 -0.0336 -0.0217 0.2433 0 3 0 0 0 0 0 0 0
0.07 0.03 -0.28 0.19 0.00 -0.06 0.9691 -0.0336 -0.0217 0.2433 0 3 0 0 0 0 0 0 0
0.04 0.02 -0.31 0.06 0.00 -0.06 0.9691 -0.0336 -0.0217 0.2433 0 3 0 0 0 0 0 0 0
0.07 0.04 -0.25 0.00 0.06 0.00 0.9691 -0.0336 -0.0217 0.2433 0 3 0 0 0 0 0 0 0
0.06 0.05 -0.31 0.00 -0.06 0.13 0.9691 -0.0336 -0.0217 0.2433 0 3 0 0 0 0 0 0 0
0.06 0.04 -0.32 0.00 0.06 0.00 0.9691 -0.0336 -0.0217 0.2433 0 3 0 0 0 0 0 0 0
0.04 0.02 -0.28 0.00 0.06 0.13 0.9691 -0.0336 -0.0217 0.2433 0 3 0 0 0 0 0 0 0
0.07 0.02 -0.28 -0.06 0.06 0.00 0.9691 -0.0336 -0.0217 0.2433 0 3 0 0 0 0 0 0 0
0.06 0.05 -0.30 -0.06 0.13 0.06 0.9691 -0.0336 -0.0217 0.2433 0 3 0 0 0 0 0 0 0
0.07 0.02 -0.32 0.06 -0.06 0.00 0.9691 -0.0336 -0.0217 0.2433 0 3 0 0 0 0 0 0 0
0.06 0.05 -0.30 0.06 0.13 0.06 0.9691 -0.0336 -0.0217 0.2433 0 3 0 0 0 0 0 0 0
0.06 0.04 -0.31 0.06 0.06 0.06 0.9691 -0.0336 -0.0217 0.2433 0 3 0 0 0 0 0 0 0
0.05 0.02 -0.29 0.06 0.06 0.13 0.9691 -0.0336 -0.0217 0.2433 0 3 0 0 0 0 0 0 0
0.05 0.03 -0.32 0.13 -0.13 0.06 0.9691 -0.0336 -0.0217 0.2433 0 3 0 0 0 0 0 0 0
0.04 0.05 -0.28 0.00 0.00 0.06 0.9691 -0.0336 -0.0217 0.2433 0 3 0 0 0 0 0 0 0
0.05 0.04 -0.31 0.00 0.00 -0.19 0.9691 -0.0336 -0.0217 0.2433 0 3 0 0 0 0 0 0 0
0.06 0.02 -0.30 -0.06 0.00 0.06 0.9691 -0.0336 -0.0217 0.2433 0 3 0 0 0 0 0 0 0
0.06 0.05 -0.35 0.19 -0.13 0.00 0.9691 -0.0336 -0.0217 0.2433 0 3 0 0 0 0 0 0 0
0.05 0.02 -0.27 0.06 0.06 0.00 0.9691 -0.0336 -0.0217 0.2433 0 3 0 0 0 0 0 0 0
0.05 0.02 -0.28 0.13 -0.13 0.00 0.9691 -0.0336 -0.0217 0.2433 0 3 0 0 0 0 0 0 0
0.06 0.03 -0.29 -0.13 0.00 0.00 0.9691 -0.0336 -0.0217 0.2433 0 3 0 0 0 0 0 0 0
0.07 0.02 -0.33 -0.13 -0.06 0.06 0.9691 -0.0336 -0.0217 0.2433 0 3 0 0 0 0 0 0 0
0.04 0.03 -0.29 -0.06 -0.06 0.13 0.9691 -0.0336 -0.0217 0.2433 0 3 0 0 0 0 0 0 0
0.08 0.03 -0.29 -0.06 0.06 -0.06 0.9691 -0.0336 -0.0217 0.2433 0 3 0 0 0 0 0 0 0
0.05 0.04 -0.29 -0.06 0.13 -0.06 0.9691 -0.0336 -0.0217 0.2433 0 3 0 0 0 0 0 0 0
0.07 0.06 -0.29 0.06 -0.13 0.06 0.9691 -0.0336 -0.0217 0.2433 0 3 0 0 0 0 0 0 0
0.07 0.03 -0.30 -0.06 -0.06 -0.06 0.9691 -0.0336 -0.0217 0.2433 0 3 0 0 0 0 0 0 0
0.05 0.02 -0.31 0.06 -0.06 0.13 0.9691 -0.0336 -0.0217 0.2433 0 3 0 0 0 0 0 0 0
0.06 0.02 -0.30 0.00 0.06 0.00 0.9691 -0.0336 -0.0217 0.2433 0 3 0 0 0 0 0 0 0
0.06 0.05 -0.30 -0.13 0.00 0.00 0.9691 -0.0336 -0.0217 0.2433 0 3 0 0 0 0 0 0 0
0.05 0.05 -0.27 0.19 0.06 0.00 0.9691 -0.0336 -0.0217 0.2433 0 3 0 0 0 0 0 0 0
0.06 0.06 -0.34 -0.13 -0.13 0.06 0.9691 -0.0336 -0.0217 0.2433 0 3 0 0 0 0 0 0 0
0.05 0.05 -0.29 0.00 -0.06 -0.06 0.9691 -0.0336 -0.0217 0.2433 0 3 0 0 0 0 0 0 0
0.05 0.04 -0.29 0.13 -0.25 0.13 0.9691 -0.0336 -0.0217 0.2433 0 3 0 0 0 0 0 0 0
0.05 0.02 -0.30 0.00 -0.31 -0.06 0.9691 -0.0336 -0.0217 0.2433 0 3 0 0 0 0 0 0 0
0.06 0.02 -0.31 0.13 -0.13 0.13 0.9691 -0.0336 -0.0217 0.2433 0 3 0 0 0 0 0 0 0
0.08 0.02 -0.30 0.06 0.25 -0.06 0.9691 -0.0336 -0.0217 0.2433 0 3 0 0 0 0 0 0 0
0.06 0.02 -0.31 0.00 0.06 0.06 0.9691 -0.0336 -0.0217 0.2433 0 3 0 0 0 0 0 0 0
0.04 0.03 -0.28 0.00 0.06 0.06 0.9691 -0.0336 -0.0217 0.2433 0 3 0 0 0 0 0 0 0
0.06 0.03 -0.29 -0.06 0.06 -0.13 0.9691 -0.0336 -0.0217 0.2433 0 3 0 0 0 0 0 0 0
0.05 0.06 -0.29 0.06 0.13 0.06 0.9691 -0.0336 -0.0217 0.2433 0 3 0 0 0 0 0 0 0
0.05 0.02 -0.27 0.06 -0.13 0.00 0.9691 -0.0336 -0.0217 0.2433 0 3 0 0 0 0 0 0 0
0.07 0.03 -0.32 -0.06 -0.06 0.00 0.9691 -0.0336 -0.0217 0.2433 0 3 0 0 0 0 0 0 0
0.06 0.04 -0.33 0.00 -0.06 0.06 0.9691 -0.0336 -0.0217 0.2433 0 3 0 0 0 0 0 0 0
0.06 0.02 -0.30 0.06 0.06 -0.06 0.9691 -0.0336 -0.0217 0.2433 0 3 0 0 0 0 0 0 0
0.06 0.05 -0.34 -0.06 -0.06 0.06 0.9691 -0.0336 -0.0217 0.2433 0 3 0 0 0 0 0 0 0
0.05 0.03 -0.29 0.00 0.00 0.06 0.9691 -0.0336 -0.0217 0.2433 0 3 0 0 0 0 0 0 0
0.06 0.03 -0.24 0.19 -0.13 -0.06 0.9691 -0.0336 -0.0217 0.2433 0 3 0 0 0 0 0 0 0
0.05 0.02 -0.30 0.00 0.00 0.13 0.9691 -0.0336 -0.0217 0.2433 0 3 0 0 0 0 0 0 0
0.07 0.03 -0.35 -0.13 -0.19 0.06 0.9691 -0.0336 -0.0217 0.2433 0 3 0 0 0 0 0 0 0
0.05 0.06 -0.31 0.00 -0.13 0.00 0.9691 -0.0336 -0.0217 0.2433 0 3 0 0 0 0 0 0 0
0.05 0.03 -0.33 0.00 -0.13 0.19 0.9691 -0.0336 -0.0217 0.2433 0 3 0 0 0 0 0 0 0
0.04 0.05 -0.29 0.00 0.06 -0.06 0.9691 -0.0336 -0.0217 0.2433 0 3 0 0 0 0 0 0 0
0.05 0.03 -0.32 0.13 -0.13 0.00 0.9691 -0.0336 -0.0217 0.2433 0 3 0 0 0 0 0 0 0
0.05 0.02 -0.29 0.13 -0.06 0.00 0.9691 -0.0336 -0.0217 0.2433 0 3 0 0 0 0 0 0 0
0.07 0.03 -0.31 0.13 -0.13 0.00 0.9691 -0.0336 -0.0217 0.2433 0 3 0 0 0 0 0 0 0
0.06 0.04 -0.31 0.00 0.00 -0.06 0.9691 -0.0336 -0.0217 0.2433 0 3 0 0 0 0 0 0 0
0.05 0.06 -0.27 0.13 0.19 -0.13 0.9691 -0.0336 -0.0217 0.2433 0 3 0 0 0 0 0 0 0
0.06 0.04 -0.33 0.00 -0.06 0.00 0.9691 -0.0336 -0.0217 0.2433 0 3 0 0 0 0 0 0 0
0.06 0.04 -0.27 -0.13 0.19 -0.13 0.9691 -0.0336 -0.0217 0.2433 0 3 0 0 0 0 0 0 0
0.06 0.03 -0.30 0.00 -0.13 0.13 0.9691 -0.0336 -0.0217 0.2433 0 3 0 0 0 0 0 0 0
0.07 0.03 -0.29 -0.13 -0.06 -0.13 0.9691 -0.0336 -0.0217 0.2433 0 3 0 0 0 0 0 0 0
0.06 0.03 -0.31 -0.13 0.06 0.13 0.9691 -0.0336 -0.0217 0.2433 0 3 0 0 0 0 0 0 0
0.06 0.04 -0.28 -0.06 0.19 -0.06 0.9691 -0.0336 -0.0217 0.2433 0 3 0 0 0 0 0 0 0
0.04 0.04 -0.29 0.00 -0.06 -0.06 0.9691 -0.0336 -0.0217 0.2433 0 3 0 0 0 0 0 0 0
0.07 0.05 -0.27 0.13 -0.13 -0.06 0.9691 -0.0336 -0.0217 0.2433 0 3 0 0 0 0 0 0 0
0.05 0.04 -0.33 -0.06 0.06 -0.06 0.9691 -0.0336 -0.0217 0.2433 0 3 0 0 0 0 0 0 0
0.06 0.03 -0.29 0.00 -0.13 0.00 0.9691 -0.0336 -0.0217 0.2433 0 3 0 0 0 0 0 0 0
0.06 0.02 -0.30 0.06 0.06 0.00 0.9691 -0.0336 -0.0217 0.2433 0 3 0 0 0 0 0 0 0
0.07 0.03 -0.29 0.00 0.06 0.00 0.9691 -0.0336 -0.0217 0.2433 0 3 0 0 0 0 0 0 0
0.07 0.01 -0.32 -0.06 0.06 0.00 0.9691 -0.0336 -0.0217 0.2433 0 3 0 0 0 0 0 0 0
0.06 0.02 -0.33 -0.06 0.06 -0.13 0.9691 -0.0336 -0.0217 0.2433 0 3 0 0 0 0 0 0 0
0.05 0.03 -0.30 0.00 0.00 0.06 0.9691 -0.0336 -0.0217 0.2433 0 3 0 0 0 0 0 0 0
0.06 0.01 -0.29 0.00 0.00 -0.06 0.9691 -0.0336 -0.0217 0.2433 0 3 0 0 0 0 0 0 0
0.04 0.04 -0.30 -0.06 -0.06 -0.06 0.9691 -0.0336 -0.0217 0.2433 0 3 0 0 0 0 0 0 0
0.05 0.02 -0.29 0.00 -0.13 0.06 0.9691 -0.0336 -0.0217 0.2433 0 3 0 0 0 0 0 0 0
0.06 0.03 -0.31 0.06 -0.13 -0.06 0.9691 -0.0336 -0.0217 0.2433 0 3 0 0 0 0 0 0 0
0.06 0.03 -0.34 0.06 -0.06 0.00 0.9691 -0.0336 -0.0217 0.2433 0 3 0 0 0 0 0 0 0
0.05 0.04 -0.28 -0.13 0.13 0.00 0.9691 -0.0336 -0.0217 0.2433 0 3 0 0 0 0 0 0 0
0.06 0.02 -0.29 0.00 0.00 -0.13 0.9691 -0.0336 -0.0217 0.2433 0 3 0 0 0 0 0 0 0
0.05 0.03 -0.32 0.19 -0.06 0.00 0.9691 -0.0336 -0.0217 0.2433 0 3 0 0 0 0 0 0 0
0.06 0.04 -0.31 0.06 0.06 0.00 0.9691 -0.0336 -0.0217 0.2433 0 3 0 0 0 0 0 0 0
0.05 0.02 -0.30 0.06 -0.06 0.06 0.9691 -0.0336 -0.0217 0.2433 0 3 0 0 0 0 0 0 0
0.04 0.04 -0.30 0.00 -0.25 0.00 0.9691 -0.0336 -0.0217 0.2433 0 3 0 0 0 0 0 0 0
0.06 0.03 -0.31 0.00 -0.13 -0.06 0.9691 -0.0336 -0.0217 0.2433 0 3 0 0 0 0 0 0 0
0.04 0.03 -0.31 0.00 -0.06 -0.06 0.9691 -0.0336 -0.0217 0.2433 0 3 0 0 0 0 0 0 0
0.06 0.04 -0.29 0.00 0.31 0.06 0.9691 -0.0336 -0.0217 0.2433 0 3 0 0 0 0 0 0 0
0.07 0.04 -0.32 -0.06 -0.13 -0.06 0.9691 -0.0336 -0.0217 0.2433 0 3 0 0 0 0 0 0 0
0.07 0.05 -0.30 0.06 -0.06 0.06 0.9691 -0.0336 -0.0217 0.2433 0 3 0 0 0 0 0 0 0
0.06 0.03 -0.28 0.06 0.06 0.00 0.9691 -0.0336 -0.0217 0.2433 0 3 0 0 0 0 0 0 0
0.05 0.04 -0.33 -0.06 0.13 0.06 0.9691 -0.0336 -0.0217 0.2433 0 3 0 0 0 0 0 0 0
0.07 0.03 -0.31 0.06 0.06 0.13 0.9691 -0.0336 -0.0217 0.2433 0 3 0 0 0 0 0 0 0
0.07 0.03 -0.32 0.00 -0.06 0.06 0.9691 -0.0336 -0.0217 0.2433 0 3 0 0 0 0 0 0 0
0.06 0.02 -0.31 -0.06 -0.06 -0.06 0.9691 -0.0336 -0.0217 0.2433 0 3 0 0 0 0 0 0 0
0.06 0.02 -0.27 -0.06 0.13 0.06 0.9691 -0.0336 -0.0217 0.2433 0 3 0 0 0 0 0 0 0
0.06 0.04 -0.29 -0.06 0.06 0.00 0.9691 -0.0336 -0.0217 0.2433 0 3 0 0 0 0 0 0 0
0.04 0.02 -0.31 0.00 0.06 0.13 0.9691 -0.0336 -0.0217 0.2433 0 3 0 0 0 0 0 0 0
0.06 0.05 -0.27 -0.06 -0.06 -0.06 0.9691 -0.0336 -0.0217 0.2433 0 3 0 0 0 0 0 0 0
0.07 0.04 -0.31 -0.06 0.25 0.06 0.9691 -0.0336 -0.0217 0.2433 0 3 0 0 0 0 0 0 0
0.05 0.03 -0.29 0.00 0.00 0.06 0.9691 -0.0336 -0.0217 0.2433 0 3 0 0 0 0 0 0 0
0.05 0.04 -0.30 0.06 0.00 0.19 0.9691 -0.0336 -0.0217 0.2433 0 3 0 0 0 0 0 0 0
0.06 0.02 -0.29 0.06 0.00 0.00 0.9691 -0.0336 -0.0217 0.2433 0 3 0 0 0 0 0 0 0
0.05 0.06 -0.28 0.13 0.00 0.13 0.9691 -0.0336 -0.0217 0.2433 0 3 0 0 0 0 0 0 0
0.05 0.03 -0.28 0.06 0.00 0.06 0.9691 -0.0336 -0.0217 0.2433 0 3 0 0 0 0 0 0 0
0.06 0.05 -0.32 -0.06 -0.06 0.06 0.9691 -0.0336 -0.0217 0.2433 0 3 0 0 0 0 0 0 0
0.05 0.04 -0.31 -0.13 0.06 0.00 0.9691 -0.0336 -0.0217 0.2433 0 3 0 0 0 0 0 0 0
0.08 0.03 -0.32 -0.13 -0.19 -0.06 0.9691 -0.0336 -0.0217 0.2433 0 3 0 0 0 0 0 0 0
0.05 0.05 -0.33 -0.06 -0.13 0.13 0.9691 -0.0336 -0.0217 0.2433 0 3 0 0 0 0 0 0 0
0.05 0.03 -0.32 0.00 0.13 -0.06 0.9691 -0.0336 -0.0217 0.2433 0 3 0 0 0 0 0 0 0
0.06 0.03 -0.32 0.06 0.19 0.19 0.9691 -0.0336 -0.0217 0.2433 0 3 0 0 0 0 0 0 0
0.06 0.03 -0.30 0.06 -0.19 -0.06 0.9691 -0.0336 -0.0217 0.2433 0 3 0 0 0 0 0 0 0
0.04 0.04 -0.31 0.06 -0.19 0.06 0.9691 -0.0336 -0.0217 0.2433 0 3 0 0 0 0 0 0 0
0.05 0.02 -0.31 0.00 0.13 0.06 0.9691 -0.0336 -0.0217 0.2433 0 3 0 0 0 0 0 0 0
0.07 0.04 -0.28 0.13 0.06 0.00 0.9691 -0.0336 -0.0217 0.2433 0 3 0 0 0 0 0 0 0
0.06 0.03 -0.29 -0.06 0.00 0.06 0.9691 -0.0336 -0.0217 0.2433 0 3 0 0 0 0 0 0 0
0.08 0.00 -0.32 -0.25 -0.06 0.06 0.9691 -0.0336 -0.0217 0.2433 0 3 0 0 0 0 0 0 0
0.04 0.02 -0.30 -0.06 0.00 0.06 0.9691 -0.0336 -0.0217 0.2433 0 3 0 0 0 0 0 0 0
0.08 0.00 -0.31 -0.06 0.06 0.06 0.9691 -0.0336 -0.0217 0.2433 0 3 0 0 0 0 0 0 0
0.07 0.03 -0.27 -0.06 -0.13 -0.06 0.9691 -0.0336 -0.0217 0.2433 0 3 0 0 0 0 0 0 0
0.02 -0.03 -0.29 -0.44 -0.06 0.13 0.9691 -0.0336 -0.0217 0.2433 0 3 0 0 0 0 0 0 0
0.03 0.08 -0.37 0.13 0.13 -0.13 0.9691 -0.0336 -0.0217 0.2433 0 3 0 0 0 0 0 0 0
0.06 0.07 -0.30 -0.06 -0.13 0.06 0.9691 -0.0336 -0.0217 0.2433 0 3 0 0 0 0 0 0 0
0.04 0.05 -0.32 -0.13 0.06 -0.06 0.9691 -0.0336 -0.0217 0.2433 0 3 0 0 0 0 0 0 0
0.09 0.00 -0.34 0.00 0.25 -0.06 0.9691 -0.0336 -0.0217 0.2433 0 3 0 0 0 0 0 0 0
0.06 0.05 -0.27 -0.13 -0.06 0.06 0.9691 -0.0336 -0.0217 0.2433 0 3 0 0 0 0 0 0 0
0.08 0.05 -0.27 0.00 0.13 -0.06 0.9691 -0.0336 -0.0217 0.2433 0 3 0 0 0 0 0 0 0
0.06 0.06 -0.30 0.25 0.00 0.00 0.9691 -0.0336 -0.0217 0.2433 0 3 0 0 0 0 0 0 0
0.06 0.03 -0.30 -0.19 0.25 -0.06 0.9691 -0.0336 -0.0217 0.2433 0 3 0 0 0 0 0 0 0
0.04 0.02 -0.32 -0.13 -0.06 -0.06 0.9691 -0.0336 -0.0217 0.2433 0 3 0 0 0 0 0 0 0
0.04 0.01 -0.30 -0.06 0.13 0.00 0.9691 -0.0336 -0.0217 0.2433 0 3 0 0 0 0 0 0 0
0.06 0.03 -0.33 -0.06 0.00 0.06 0.9691 -0.0336 -0.0217 0.2433 0 3 0 0 0 0 0 0 0
0.06 0.04 -0.32 -0.06 0.00 0.06 0.9691 -0.0336 -0.0217 0.2433 0 3 0 0 0 0 0 0 0
0.06 0.03 -0.28 0.06 -0.06 0.13 0.9691 -0.0336 -0.0217 0.2433 0 3 0 0 0 0 0 0 0
0.05 0.02 -0.30 -0.06 0.00 0.00 0.9691 -0.0336 -0.0217 0.2433 0 3 0 0 0 0 0 0 0
0.06 0.04 -0.28 0.00 -0.06 0.13 0.9691 -0.0336 -0.0217 0.2433 0 3 0 0 0 0 0 0 0
0.06 0.03 -0.29 -0.06 0.00 0.00 0.9691 -0.0336 -0.0217 0.2433 0 3 0 0 0 0 0 0 0
0.06 0.02 -0.32 0.00 0.00 -0.06 0.9691 -0.0336 -0.0217 0.2433 0 3 0 0 0 0 0 0 0
0.08 0.02 -0.31 0.06 0.13 -0.13 0.9691 -0.0336 -0.0217 0.2433 0 3 0 0 0 0 0 0 0
0.05 0.04 -0.27 0.13 0.00 0.00 0.9691 -0.0336 -0.0217 0.2433 0 3 0 0 0 0 0 0 0
0.06 0.02 -0.30 -0.25 -0.06 0.13 0.9691 -0.0336 -0.0217 0.2433 0 3 0 0 0 0 0 0 0
0.06 0.02 -0.28 0.00 0.06 0.06 0.9691 -0.0336 -0.0217 0.2433 0 3 0 0 0 0 0 0 0
0.05 0.05 -0.31 0.00 -0.13 0.00 0.9691 -0.0336 -0.0217 0.2433 0 3 0 0 0 0 0 0 0
0.05 0.06 -0.29 0.19 0.25 0.00 0.9691 -0.0336 -0.0217 0.2433 0 3 0 0 0 0 0 0 0
0.04 0.03 -0.34 0.00 0.00 0.00 0.9691 -0.0336 -0.0217 0.2433 0 3 0 0 0 0 0 0 0
0.06 0.02 -0.28 0.13 0.00 -0.13 0.9691 -0.0336 -0.0217 0.2433 0 3 0 0 0 0 0 0 0
0.05 0.03 -0.30 0.00 0.19 0.06 0.9691 -0.0336 -0.0217 0.2433 0 3 0 0 0 0 0 0 0
0.07 0.04 -0.30 0.06 0.00 0.00 0.9691 -0.0336 -0.0217 0.2433 0 3 0 0 0 0 0 0 0
0.07 0.04 -0.29 0.00 -0.06 -0.06 0.9691 -0.0336 -0.0217 0.2433 0 3 0 0 0 0 0 0 0
0.06 0.04 -0.30 -0.06 0. 0
-0.13 0.01 -0.29 -0.06 0.19 0.06 0.9904 -0.0359 -0.0245 0.1315 0 3 0 1 0 0 0 0 0
-0.12 -0.01 -0.29 0.00 -0.06 0.00 0.9904 -0.0359 -0.0245 0.1315 0 3 0 1 0 0 0 0 0
-0.12 0.00 -0.30 -0.37 -0.13 -0.06 0.9904 -0.0359 -0.0245 0.1315 0 3 0 1 0 0 0 0 0
-0.10 -0.01 -0.35 0.00 -0.06 0.13 0.9904 -0.0359 -0.0245 0.1315 0 3 0 0 0 0 0 0 0
-0.12 -0.01 -0.31 -0.06 0.06 0.13 0.9904 -0.0359 -0.0245 0.1315 0 3 0 0 0 0 0 0 0
-0.12 0.00 -0.26 0.06 -0.06 0.00 0.9904 -0.0359 -0.0245 0.1315 0 3 0 0 0 0 0 0 0
-0.12 0.01 -0.32 -0.19 -0.13 0.19 0.9904 -0.0359 -0.0245 0.1315 0 3 0 0 0 0 0 0 0
-0.12 0.00 -0.27 0.19 0.00 0.13 0.9904 -0.0359 -0.0245 0.1315 0 3 0 0 0 0 0 0 0
-0.13 0.01 -0.33 -0.13 0.06 0.00 0.9904 -0.0359 -0.0245 0.1315 0 3 0 0 0 0 0 0 0
-0.13 0.00 -0.27 0.00 -0.06 0.00 0.9904 -0.0359 -0.0245 0.1315 0 3 0 0 0 0 0 0 0
-0.14 0.00 -0.27 0.13 0.06 0.00 0.9904 -0.0359 -0.0245 0.1315 0 3 0 0 0 0 0 0 0
-0.11 0.00 -0.29 -0.06 -0.06 0.00 0.9904 -0.0359 -0.0245 0.1315 0 3 0 0 0 0 0 0 0
-0.15 0.00 -0.29 0.13 -0.06 0.06 0.9904 -0.0359 -0.0245 0.1315 0 3 0 0 0 0 0 0 0
-0.12 0.00 -0.27 0.06 0.06 -0.19 0.9904 -0.0359 -0.0245 0.1315 0 3 0 0 0 0 0 0 0
-0.13 0.00 -0.29 -0.06 -0.19 -0.06 0.9904 -0.0359 -0.0245 0.1315 0 3 0 0 0 0 0 0 0
-0.13 0.00 -0.27 -0.06 0.00 -0.06 0.9904 -0.0359 -0.0245 0.1315 0 3 0 0 0 0 0 0 0
-0.11 -0.01 -0.28 0.06 -0.06 -0.06 0.9904 -0.0359 -0.0245 0.1315 0 3 0 0 0 0 0 0 0
-0.11 0.02 -0.31 0.00 -0.13 -0.06 0.9904 -0.0359 -0.0245 0.1315 0 3 0 0 0 0 0 0 0
-0.11 -0.01 -0.29 0.13 -0.06 -0.06 0.9904 -0.0359 -0.0245 0.1315 0 3 0 0 0 0 0 0 0
-0.13 0.00 -0.31 0.06 0.00 0.06 0.9904 -0.0359 -0.0245 0.1315 0 3 0 0 0 0 0 0 0
-0.12 -0.02 -0.31 0.06 0.06 0.00 0.9904 -0.0359 -0.0245 0.1315 0 3 0 0 0 0 0 0 0
-0.11 0.01 -0.30 0.19 -0.06 0.13 0.9904 -0.0359 -0.0245 0.1315 0 3 0 0 0 0 0 0 0
-0.13 -0.01 -0.32 0.06 0.06 -0.13 0.9904 -0.0359 -0.0245 0.1315 0 3 0 0 0 0 0 0 0
-0.11 -0.02 -0.30 0.06 -0.06 0.06 0.9904 -0.0359 -0.0245 0.1315 0 3 0 0 0 0 0 0 0
-0.13 0.00 -0.30 0.00 0.00 -0.06 0.9904 -0.0359 -0.0245 0.1315 0 3 0 0 0 0 0 0 0
-0.13 -0.01 -0.28 0.13 0.13 0.00 0.9904 -0.0359 -0.0245 0.1315 0 3 0 0 0 0 0 0 0
-0.11 0.00 -0.29 0.13 0.13 -0.06 0.9904 -0.0359 -0.0245 0.1315 0 3 0 0 0 0 0 0 0
-0.13 0.00 -0.32 0.00 0.06 0.06 0.9904 -0.0359 -0.0245 0.1315 0 3 0 0 0 0 0 0 0
-0.11 0.02 -0.30 0.13 -0.06 -0.06 0.9904 -0.0359 -0.0245 0.1315 0 3 0 0 0 0 0 0 0
-0.13 -0.01 -0.30 0.00 0.19 0.00 0.9904 -0.0359 -0.0245 0.1315 0 3 0 0 0 0 0 0 0
-0.12 0.00 -0.32 0.13 -0.06 -0.13 0.9904 -0.0359 -0.0245 0.1315 0 3 0 0 0 0 0 0 0
-0.11 -0.04 -0.29 0.06 -0.06 -0.06 0.9904 -0.0359 -0.0245 0.1315 0 3 0 0 0 0 0 0 0
-0.11 0.03 -0.29 -0.06 0.13 -0.06 0.9904 -0.0359 -0.0245 0.1315 0 3 0 0 0 0 0 0 0
-0.11 -0.02 -0.32 0.13 0.06 0.19 0.9904 -0.0359 -0.0245 0.1315 0 3 0 0 0ets Jun  8 2016 00:22:57

rst:0x1 (POWERON_RESET),boot:0x13 (SPI_FAST_FLASH_BOOT)
configsip: 0, SPIWP:0xee
clk_drv:0x00,q_drv:0x00,d_drv:0x00,cs0_drv:0x00,hd_drv:0x00,wp_drv:0x00
mode:DIO, clock div:1
load:0x3fff0018,len:4
load:0x3fff001c,len:1044
load:0x40078000,len:8896
load:0x40080400,len:5816
entry 0x400806ac
Orientation Sensor Test

accel_x accel_y accel_z gyro_x gyro_y gyro_z qW qX qY qZ Cal_sys Cal_gyro Cal_accel Cal_mag FSR0 FSR1 FSR2 FSR3 FSR4
-0.03 0.02 -0.29 0.13 0.19 -0.13 0.9991 -0.0400 -0.0136 0.0000 0 3 0 0 0 0 0 0 0
-0.01 0.03 -0.27 0.13 -0.06 0.06 0.9991 -0.0400 -0.0136 0.0000 0 3 0 0 0 0 0 0 0
0.00 0.03 -0.24 0.06 0.06 0.06 0.9991 -0.0400 -0.0136 0.0000 0 3 0 0 0 0 0 0 0
0.00 0.01 -0.31 0.00 -0.13 -0.06 0.9991 -0.0400 -0.0136 0.0000 0 3 0 0 0 0 0 0 0
-0.02 0.04 -0.28 0.00 -0.13 -0.06 0.9991 -0.0400 -0.0136 0.0000 0 3 0 0 0 0 0 0 0
-0.01 0.04 -0.29 -0.06 -0.13 -0.13 0.9991 -0.0400 -0.0136 0.0000 0 3 0 0 0 0 0 0 0
0.00 0.03 -0.32 -0.13 -0.25 -0.06 0.9991 -0.0400 -0.0136 0.0000 0 3 0 0 0 0 0 0 0
-0.01 0.03 -0.32 -0.06 0.00 0.00 0.9991 -0.0400 -0.0136 0.0000 0 3 0 0 0 0 0 0 0
-0.01 0.04 -0.27 -0.13 -0.19 0.00 0.9991 -0.0400 -0.0136 0.0000 0 3 0 0 0 0 0 0 0
-0.01 0.04 -0.28 0.06 -0.06 0.00 0.9991 -0.0400 -0.0136 0.0000 0 3 0 0 0 0 0 0 0
-0.02 0.04 -0.30 -0.06 0.13 -0.13 0.9991 -0.0400 -0.0136 0.0000 0 3 0 0 0 0 0 0 0
-0.01 0.05 -0.31 0.00 0.19 0.00 0.9991 -0.0400 -0.0136 0.0000 0 3 0 0 0 0 0 0 0
-0.02 0.01 -0.26 0.00 0.06 -0.06 0.9991 -0.0400 -0.0136 0.0000 0 3 0 0 0 0 0 0 0
-0.02 0.02 -0.30 0.06 -0.06 0.13 0.9991 -0.0400 -0.0136 0.0000 0 3 0 0 0 0 0 0 0
0.00 0.02 -0.27 0.00 -0.19 0.00 0.9991 -0.0400 -0.0136 0.0000 0 3 0 0 0 0 0 0 0
0.00 0.02 -0.30 0.13 -0.06 -0.06 0.9991 -0.0400 -0.0136 0.0000 0 3 0 0 0 0 0 0 0
-0.01 0.04 -0.32 -0.06 0.19 -0.13 0.9991 -0.0400 -0.0136 0.0000 0 3 0 0 0 0 0 0 0
-0.01 0.01 -0.27 -0.06 -0.13 -0.06 0.9991 -0.0400 -0.0136 0.0000 0 3 0 0 0 0 0 0 0
0.00 0.04 -0.28 -0.06 0.19 -0.06 0.9991 -0.0400 -0.0136 0.0000 0 3 0 0 0 0 0 0 0
0.00 0.03 -0.31 0.00 0.00 0.00 0.9991 -0.0400 -0.0136 0.0000 0 3 0 0 0 0 0 0 0
0.00 0.03 -0.30 0.06 0.00 0.06 0.9991 -0.0400 -0.0136 0.0000 0 3 0 0 0 0 0 0 0
0.00 0.04 -0.30 0.06 0.13 -0.06 0.9991 -0.0400 -0.0136 0.0000 0 3 0 0 0 0 0 0 0
-0.02 0.02 -0.29 0.06 0.06 0.00 0.9991 -0.0400 -0.0136 0.0000 0 3 0 0 0 0 0 0 0
0.00 0.05 -0.30 0.06 0.00 0.19 0.9991 -0.0400 -0.0136 0.0000 0 3 0 0 0 0 0 0 0
0.00 0.01 -0.30 0.00 0.06 -0.06 0.9991 -0.0400 -0.0136 0.0000 0 3 0 0 0 0 0 0 0
-0.01 0.03 -0.30 0.00 0.06 0.13 0.9991 -0.0400 -0.0136 0.0000 0 3 0 0 0 0 0 0 0
-0.01 0.02 -0.27 0.13 0.06 0.00 0.9991 -0.0400 -0.0136 0.0000 0 3 0 0 0 0 0 0 0
-0.03 0.02 -0.32 -0.06 0.19 -0.13 0.9991 -0.0400 -0.0136 0.0000 0 3 0 0 0 0 0 0 0
0.00 0.02 -0.28 0.00 0.00 -0.06 0.9991 -0.0400 -0.0136 0.0000 0 3 0 0 0 0 0 0 0
-0.01 0.01 -0.32 0.06 -0.13 -0.13 0.9991 -0.0400 -0.0136 0.0000 0 3 0 0 0 0 0 0 0
-0.01 0.04 -0.30 -0.06 0.00 0.00 0.9991 -0.0400 -0.0136 0.0000 0 3 0 0 0 0 0 0 0
0.00 0.02 -0.28 0.06 0.06 -0.06 0.9991 -0.0400 -0.0136 0.0000 0 3 0 0 0 0 0 0 0
0.00 0.01 -0.32 0.00 0.06 -0.06 0.9991 -0.0400 -0.0136 0.0000 0 3 0 0 0 0 0 0 0
0.00 0.03 -0.29 0.19 0.00 -0.06 0.9991 -0.0400 -0.0136 0.0000 0 3 0 0 0 0 0 0 0
0.00 0.03 -0.30 -0.06 0.00 -0.06 0.9991 -0.0400 -0.0136 0.0000 0 3 0 0 0 0 0 0 0
-0.01 0.03 -0.32 0.00 0.06 -0.13 0.9991 -0.0400 -0.0136 0.0000 0 3 0 0 0 0 0 0 0
0.00 0.01 -0.30 -0.06 0.06 0.00 0.9991 -0.0400 -0.0136 0.0000 0 3 0 0 0 0 0 0 0
-0.01 0.02 -0.28 -0.06 -0.13 -0.13 0.9991 -0.0400 -0.0136 0.0000 0 3 0 0 0 0 0 0 0
-0.03 0.03 -0.29 -0.06 -0.06 -0.13 0.9991 -0.0400 -0.0136 0.0000 0 3 0 0 0 0 0 0 0
-0.04 0.03 -0.29 0.06 0.06 -0.19 0.9991 -0.0400 -0.0136 0.0000 0 3 0 0 0 0 0 0 0
0.00 0.02 -0.29 0.06 -0.13 0.13 0.9991 -0.0400 -0.0136 0.0000 0 3 0 0 0 0 0 0 0
0.00 0.03 -0.28 0.19 0.00 0.06 0.9991 -0.0400 -0.0136 0.0000 0 3 0 0 0 0 0 0 0
-0.01 0.02 -0.28 -0.06 -0.19 0.13 0.9991 -0.0400 -0.0136 0.0000 0 3 0 0 0 0 0 0 0
0.00 0.03 -0.31 -0.06 0.19 0.00 0.9991 -0.0400 -0.0136 0.0000 0 3 0 0 0 0 0 0 0
0.00 0.03 -0.32 0.00 0.06 0.06 0.9991 -0.0400 -0.0136 0.0000 0 3 0 0 0 0 0 0 0
-0.02 0.01 -0.27 0.00 0.06 0.00 0.9991 -0.0400 -0.0136 0.0000 0 3 0 0 0 0 0 0 0
0.00 0.00 -0.30 -0.06 0.00 -0.06 0.9991 -0.0400 -0.0136 0.0000 0 3 0 0 0 0 0 0 0
0.00 0.03 -0.32 0.00 0.00 -0.06 0.9991 -0.0400 -0.0136 0.0000 0 3 0 0 0 0 0 0 0
0.00 0.01 -0.30 -0.06 0.19 -0.06 0.9991 -0.0400 -0.0136 0.0000 0 3 0 0 0 0 0 0 0
-0.01 0.02 -0.28 0.00 -0.13 0.00 0.9991 -0.0400 -0.0136 0.0000 0 3 0 0 0 0 0 0 0
-0.01 0.03 -0.29 -0.06 -0.13 0.00 0.9991 -0.0400 -0.0136 0.0000 0 3 0 0 0 0 0 0 0
0.00 0.01 -0.27 0.00 0.25 -0.13 0.9991 -0.0400 -0.0136 0.0000 0 3 0 0 0 0 0 0 0
-0.01 0.04 -0.28 -0.06 -0.06 0.00 0.9991 -0.0400 -0.0136 0.0000 0 3 0 0 0 0 0 0 0
0.00 0.03 -0.30 0.00 0.00 0.06 0.9991 -0.0400 -0.0136 0.0000 0 3 0 0 0 0 0 0 0
-0.01 0.04 -0.32 0.00 0.13 0.00 0.9991 -0.0400 -0.0136 0.0000 0 3 0 0 0 0 0 0 0
0.00 0.02 -0.30 -0.06 -0.13 0.06 0.9991 -0.0400 -0.0136 0.0000 0 3 0 0 0 0 0 0 0
0.00 0.03 -0.30 0.06 0.00 0.00 0.9991 -0.0400 -0.0136 0.0000 0 3 0 0 0 0 0 0 0
0.00 0.03 -0.29 0.00 0.13 -0.06 0.9991 -0.0400 -0.0136 0.0000 0 3 0 0 0 0 0 0 0
-0.01 0.04 -0.28 -0.06 0.25 0.00 0.9991 -0.0400 -0.0136 0.0000 0 3 0 0 0 0 0 0 0
0.00 0.03 -0.33 -0.13 0.19 -0.06 0.9991 -0.0400 -0.0136 0.0000 0 3 0 0 0 0 0 0 0
-0.03 0.01 -0.29 0.00 0.19 -0.13 0.9991 -0.0400 -0.0136 0.0000 0 3 0 0 0 0 0 0 0
-0.01 0.01 -0.31 0.00 -0.13 0.06 0.9991 -0.0400 -0.0136 0.0000 0 3 0 0 0 0 0 0 0
-0.01 0.02 -0.31 -0.06 0.00 -0.06 0.9991 -0.0400 -0.0136 0.0000 0 3 0 0 0 0 0 0 0
-0.01 0.04 -0.29 0.00 -0.06 0.19 0.9991 -0.0400 -0.0136 0.0000 0 3 0 0 0 0 0 0 0
0.00 0.03 -0.32 -0.13 0.06 0.00 0.9991 -0.0400 -0.0136 0.0000 0 3 0 0 0 0 0 0 0
0.00 0.00 -0.28 -0.06 0.19 0.13 0.9991 -0.0400 -0.0136 0.0000 0 3 0 0 0 0 0 0 0
-0.02 0.04 -0.30 -0.13 -0.13 0.13 0.9991 -0.0400 -0.0136 0.0000 0 3 0 0 0 0 0 0 0
-0.02 0.02 -0.30 -0.19 0.19 0.06 0.9991 -0.0400 -0.0136 0.0000 0 3 0 0 0 0 0 0 0
0.00 0.02 -0.28 0.00 0.00 0.06 0.9991 -0.0400 -0.0136 0.0000 0 3 0 0 0 0 0 0 0
-0.01 0.03 -0.27 -0.06 0.00 0.13 0.9991 -0.0400 -0.0136 0.0000 0 3 0 0 0 0 0 0 0
-0.01 0.03 -0.30 0.06 -0.06 0.13 0.9991 -0.0400 -0.0136 0.0000 0 3 0 0 0 0 0 0 0
0.00 0.01 -0.30 0.00 0.06 -0.06 0.9991 -0.0400 -0.0136 0.0000 0 3 0 0 0 0 0 0 0
-0.02 0.04 -0.29 0.06 -0.06 0.06 0.9991 -0.0400 -0.0136 0.0000 0 3 0 0 0 0 0 0 0
-0.01 0.04 -0.27 0.00 0.06 0.00 0.9991 -0.0400 -0.0136 0.0000 0 3 0 0 0 0 0 0 0
0.00 0.03 -0.30 0.06 -0.06 0.06 0.9991 -0.0400 -0.0136 0.0000 0 3 0 0 0 0 0 0 0
0.00 0.03 -0.31 -0.13 0.00 0.06 0.9991 -0.0400 -0.0136 0.0000 0 3 0 0 0 0 0 0 0
-0.03 0.00 -0.26 0.13 0.06 -0.06 0.9991 -0.0400 -0.0136 0.0000 0 3 0 0 0 0 0 0 0
0.00 0.03 -0.32 -0.06 -0.13 0.06 0.9991 -0.0400 -0.0136 0.0000 0 3 0 0 0 0 0 0 0
-0.02 0.03 -0.30 0.00 -0.19 0.00 0.9991 -0.0400 -0.0136 0.0000 0 3 0 0 0 0 0 0 0
0.00 0.02 -0.27 -0.06 0.06 0.06 0.9991 -0.0400 -0.0136 0.0000 0 3 0 0 0 0 0 0 0
-0.02 0.03 -0.29 -0.06 0.13 0.00 0.9991 -0.0400 -0.0136 0.0000 0 3 0 0 0 0 0 0 0
-0.01 0.02 -0.29 0.00 -0.06 0.00 0.9991 -0.0400 -0.0136 0.0000 0 3 0 0 0 0 0 0 0
0.00 0.01 -0.29 -0.06 -0.06 0.06 0.9991 -0.0400 -0.0136 0.0000 0 3 0 0 0 0 0 0 0
-0.01 0.01 -0.31 0.13 -0.06 0.13 0.9991 -0.0400 -0.0136 0.0000 0 3 0 0 0 0 0 0 0
0.00 0.03 -0.28 -0.13 -0.06 0.06 0.9991 -0.0400 -0.0136 0.0000 0 3 0 0 0 0 0 0 0
-0.01 0.04 -0.27 0.00 0.06 0.00 0.9991 -0.0400 -0.0136 0.0000 0 3 0 0 0 0 0 0 0
0.00 0.01 -0.30 0.00 -0.13 0.06 0.9991 -0.0400 -0.0136 0.0000 0 3 0 0 0 0 0 0 0
0.00 0.02 -0.30 0.19 0.06 0.00 0.9991 -0.0400 -0.0136 0.0000 0 3 0 0 0 0 0 0 0
0.00 0.03 -0.29 0.00 0.00 0.00 0.9991 -0.0400 -0.0136 0.0000 0 3 0 0 0 0 0 0 0
0.00 0.04 -0.29 0.13 -0.13 0.06 0.9991 -0.0400 -0.0136 0.0000 0 3 0 0 0 0 0 0 0
-0.01 0.03 -0.27 0.00 -0.06 0.06 0.9991 -0.0400 -0.0136 0.0000 0 3 0 0 0 0 0 0 0
0.00 0.01 -0.30 0.06 0.13 0.19 0.9991 -0.0400 -0.0136 0.0000 0 3 0 0 0 0 0 0 0
0.00 0.03 -0.30 0.00 -0.19 0.13 0.9991 -0.0400 -0.0136 0.0000 0 3 0 0 0 0 0 0 0
-0.02 0.03 -0.28 0.06 0.19 0.06 0.9991 -0.0400 -0.0136 0.0000 0 3 0 0 0 0 0 0 0
-0.01 0.01 -0.27 -0.06 0.06 0.06 0.9991 -0.0400 -0.0136 0.0000 0 3 0 0 0 0 0 0 0
0.01 0.02 -0.28 0.00 0.00 0.00 0.9991 -0.0400 -0.0136 0.0000 0 3 0 0 0 0 0 0 0
-0.02 0.05 -0.30 0.06 -0.25 0.00 0.9991 -0.0400 -0.0136 0.0000 0 3 0 0 0 0 0 0 0
0.00 0.03 -0.30 0.00 -0.06 -0.13 0.9991 -0.0400 -0.0136 0.0000 0 3 0 0 0 0 0 0 0
-0.01 0.01 -0.27 0.06 0.06 -0.19 0.9991 -0.0400 -0.0136 0.0000 0 3 0 0 0 0 0 0 0
0.00 0.03 -0.31 0.06 0.00 -0.06 0.9991 -0.0400 -0.0136 0.0000 0 3 0 0 0 0 0 0 0
-0.01 0.03 -0.29 0.06 -0.13 -0.06 0.9991 -0.0400 -0.0136 0.0000 0 3 0 0 0 0 0 0 0
0.00 0.02 -0.30 -0.19 0.13 -0.19 0.9991 -0.0400 -0.0136 0.0000 0 3 0 0 0 0 0 0 0
-0.03 0.01 -0.28 0.00 -0.13 0.00 0.9991 -0.0400 -0.0136 0.0000 0 3 0 0 0 0 0 0 0
0.00 0.00 -0.30 -0.19 0.00 0.00 0.9991 -0.0400 -0.0136 0.0000 0 3 0 0 0 0 0 0 0
-0.02 0.03 -0.29 -0.06 -0.13 0.00 0.9991 -0.0400 -0.0136 0.0000 0 3 0 0 0 0 0 0 0
-0.01 0.05 -0.25 0.00 -0.06 0.06 0.9991 -0.0400 -0.0136 0.0000 0 3 0 0 0 0 0 0 0
0.00 0.01 -0.30 -0.06 -0.06 0.00 0.9991 -0.0400 -0.0136 0.0000 0 3 0 0 0 0 0 0 0
-0.01 0.03 -0.31 0.06 -0.13 0.00 0.9991 -0.0400 -0.0136 0.0000 0 3 0 0 0 0 0 0 0
-0.01 0.03 -0.28 0.00 0.06 -0.13 0.9991 -0.0400 -0.0136 0.0000 0 3 0 0 0 0 0 0 0
0.00 0.04 -0.31 -0.06 0.25 0.00 0.9991 -0.0400 -0.0136 0.0000 0 3 0 0 0 0 0 0 0
0.00 0.01 -0.30 0.00 0.13 -0.13 0.9991 -0.0400 -0.0136 0.0000 0 3 0 0 0 0 0 0 0
0.00 0.03 -0.27 0.13 -0.13 0.00 0.9991 -0.0400 -0.0136 0.0000 0 3 0 0 0 0 0 0 0
-0.01 0.03 -0.28 0.06 -0.13 -0.06 0.9991 -0.0400 -0.0136 0.0000 0 3 0 0 0 0 0 0 0
0.00 0.02 -0.30 0.00 -0.13 0.00 0.9991 -0.0400 -0.0136 0.0000 0 3 0 0 0 0 0 0 0
-0.02 0.03 -0.24 0.06 0.06 0.06 0.9991 -0.0400 -0.0136 0.0000 0 3 0 0 0 0 0 0 0
0.00 0.00 -0.32 -0.06 0.00 0.00 0.9991 -0.0400 -0.0136 0.0000 0 3 0 0 0 0 0 0 0
0.00 0.03 -0.26 0.13 0.00 0.00 0.9991 -0.0400 -0.0136 0.0000 0 3 0 0 0 0 0 0 0
0.00 0.02 -0.30 0.00 0.06 0.00 0.9991 -0.0400 -0.0136 0.0000 0 3 0 0 0 0 0 0 0
-0.03 0.02 -0.29 -0.06 0.19 -0.06 0.9991 -0.0400 -0.0136 0.0000 0 3 0 0 0 0 0 0 0
-0.01 0.02 -0.30 0.06 -0.06 0.06 0.9991 -0.0400 -0.0136 0.0000 0 3 0 0 0 0 0 0 0
0.01 0.02 -0.29 -0.06 -0.13 0.06 0.9991 -0.0400 -0.0136 0.0000 0 3 0 0 0 0 0 0 0
0.00 0.03 -0.26 -0.06 0.00 -0.06 0.9991 -0.0400 -0.0136 0.0000 0 3 0 0 0 0 0 0 0
0.00 0.02 -0.30 -0.06 -0.19 -0.06 0.9991 -0.0400 -0.0136 0.0000 0 3 0 0 0 0 0 0 0
-0.02 0.02 -0.32 -0.13 0.00 0.00 0.9991 -0.0400 -0.0136 0.0000 0 3 0 0 0 0 0 0 0
-0.01 0.01 -0.28 0.06 -0.19 0.00 0.9991 -0.0400 -0.0136 0.0000 0 3 0 0 0 0 0 0 0
-0.01 0.02 -0.28 -0.19 0.06 0.00 0.9991 -0.0400 -0.0136 0.0000 0 3 0 0 0 0 0 0 0
0.00 0.03 -0.32 0.00 -0.13 0.06 0.9991 -0.0400 -0.0136 0.0000 0 3 0 0 0 0 0 0 0
-0.01 0.02 -0.31 0.13 0.06 0.06 0.9991 -0.0400 -0.0136 0.0000 0 3 0 0 0 0 0 0 0
0.00 0.02 -0.30 0.19 0.06 0.00 0.9991 -0.0400 -0.0136 0.0000 0 3 0 0 0 0 0 0 0
-0.01 0.03 -0.31 0.06 -0.19 0.06 0.9991 -0.0400 -0.0136 0.0000 0 3 0 0 0 0 0 0 0
-0.01 0.02 -0.30 0.06 -0.19 0.00 0.9991 -0.0400 -0.0136 0.0000 0 3 0 0 0 0 0 0 0
-0.01 0.03 -0.30 0.00 0.00 0.13 0.9991 -0.0400 -0.0136 0.0000 0 3 0 0 0 0 0 0 0
-1.62 -1.78 -3.36 -702.25 26.50 210.25 0.9918 -0.1256 -0.0068 0.0231 0 3 0 0 0 0 0 0 0
-2.36 -7.36 -1.79 79.25 -31.81 -181.00 0.9987 -0.0450 -0.0251 -0.0077 0 3 0 0 0 0 0 0 0
1.30 -3.14 -0.25 -4.75 -49.94 88.75 0.9977 -0.0391 -0.0552 -0.0109 0 3 0 0 0 0 0 0 0
-0.25 -4.62 3.11 -561.06 95.37 -71.56 0.9639 -0.2626 -0.0293 -0.0328 0 3 0 0 0 0 0 0 0
-0.91 -0.67 5.77 -93.50 0.56 230.06 0.8719 -0.4894 0.0038 -0.0145 0 3 0 0 0 0 0 0 0
0.43 -0.29 8.67 -410.06 333.69 180.75 0.7925 -0.5794 0.1791 0.0645 0 3 0 0 0 0 0 0 0
0.66 7.99 7.97 -724.75 255.00 -74.69 0.4307 -0.8740 0.2236 -0.0245 0 3 0 0 0 0 0 0 0
5.38 -0.32 0.00 -73.06 357.44 22.75 0.1259 -0.9161 0.3416 -0.1677 0 3 0 0 0 0 0 0 0
-0.54 -4.57 -0.31 519.62 -139.81 428.87 0.2297 -0.8393 0.4138 -0.2676 0 3 0 1 0 0 0 0 0
-1.56 2.98 1.95 760.81 -349.19 418.62 0.7104 -0.5264 0.4402 -0.1564 0 3 0 1 0 0 0 0 0
-1.19 -1.80 4.01 1121.25 -645.81 259.31 0.9675 0.2249 0.0509 -0.1033 0 3 0 2 0 0 0 0 0
-5.10 -9.76 -0.12 200.81 -169.87 61.13 0.7615 0.5464 -0.3139 -0.1514 0 3 0 2 0 0 0 0 0
0.32 -6.61 -3.71 268.94 23.69 174.12 0.6600 0.6331 -0.4033 -0.0314 0 3 0 2 0 0 0 0 0
5.67 -2.80 1.12 51.38 171.25 326.25 0.6254 0.5897 -0.4874 0.1541 0 3 0 2 0 0 0 0 0
7.81 1.54 0.57 -90.50 343.44 72.81 0.7122 0.4760 -0.4255 0.2918 0 3 0 2 0 0 0 0 0
8.55 5.15 -4.47 -311.62 529.81 -118.56 0.8719 0.2598 -0.2223 0.3506 0 3 0 2 0 0 0 0 0
6.80 7.17 -0.99 -684.94 411.94 -55.81 0.9396 -0.2215 -0.0457 0.2569 0 3 0 3 0 0 0 0 0
5.42 3.98 -4.71 -660.50 442.37 199.62 0.7238 -0.6389 0.1594 0.2061 0 3 0 3 0 0 0 0 0
3.65 1.28 -3.64 -256.37 359.00 211.37 0.3092 -0.8652 0.3654 0.1494 0 3 0 3 0 0 0 0 0
-3.69 -6.20 -6.36 44.13 95.00 81.69 0.2343 -0.8577 0.4517 0.0740 0 3 0 3 0 0 0 0 0
-3.36 -0.82 -8.43 537.37 -157.69 34.88 0.4575 -0.7605 0.4606 0.0143 0 3 0 3 0 0 0 0 0
1.28 -1.74 -7.04 1419.69 -356.94 -107.62 0.9297 -0.2461 0.2274 -0.1528 0 3 0 3 0 0 0 0 0
-3.57 -12.83 -6.42 970.25 -119.75 88.81 0.8355 0.4861 -0.0837 -0.2422 0 3 0 3 0 0 0 0 0
0.21 -6.51 -0.57 436.37 -47.06 196.37 0.6442 0.7151 -0.2521 -0.1002 0 3 0 3 0 0 0 0 0
3.28 -1.80 2.85 102.44 120.50 161.12 0.5629 0.7425 -0.3607 0.0426 0 3 0 3 0 0 0 0 0
5.27 1.60 -1.43 -177.94 244.25 198.94 0.5983 0.6714 -0.3899 0.1981 0 3 0 3 0 0 0 0 0
9.92 5.40 2.40 -545.00 445.12 19.06 0.7977 0.4226 -0.3311 0.2747 0 3 0 3 0 0 0 0 0
9.04 8.71 1.56 -748.25 339.62 87.12 0.9465 -0.0923 -0.2081 0.2286 0 3 0 3 0 0 0 0 0
3.66 4.42 -2.83 -607.81 183.31 480.44 0.7267 -0.6210 -0.1004 0.2758 0 3 0 3 0 0 0 0 0
5.34 6.35 -1.45 -477.94 224.25 496.25 0.3266 -0.8625 0.1225 0.3665 0 3 0 3 0 0 0 0 0
-1.85 0.47 -5.18 -87.37 74.56 136.50 0.0696 -0.9049 0.2399 0.3446 0 3 0 3 0 0 0 0 0
-4.69 -1.97 -4.24 168.12 -29.31 11.63 0.0925 -0.8917 0.2993 0.3267 0 3 0 3 0 0 0 0 0
-4.53 3.22 -9.73 995.00 -176.50 -345.12 0.4845 -0.7892 0.2987 0.2308 0 3 0 3 0 0 0 0 0
-2.03 -2.01 -5.30 1235.44 -223.62 -499.87 0.9766 -0.1597 0.0407 -0.1380 0 3 0 3 0 0 0 0 0
-0.94 -2.56 -6.64 525.56 -57.31 157.81 0.8679 0.3911 -0.2058 -0.2269 0 3 0 3 0 0 0 0 0
0.06 -4.99 -2.89 498.25 25.25 111.12 0.6035 0.7195 -0.3386 -0.0599 0 3 0 3 0 0 0 0 0
1.68 -2.75 4.78 159.25 171.19 191.37 0.4787 0.7836 -0.3782 0.1169 0 3 0 3 0 0 0 0 0
7.12 1.08 3.62 -142.25 334.44 144.06 0.5323 0.6744 -0.3983 0.3210 0 3 0 3 0 0 0 0 0
11.00 3.25 -0.80 -62.31 351.75 3.19 0.6447 0.5111 -0.3190 0.4706 0 3 0 3 0 0 0 0 0
1.39 -0.58 -7.08 -218.31 198.50 -155.62 0.7875 0.3464 -0.1924 0.4720 0 3 0 3 0 0 0 0 0
-0.17 2.73 -7.97 -440.06 208.50 -98.00 0.8955 0.1125 -0.1648 0.3978 0 3 0 3 0 0 0 0 0
2.68 2.23 -4.61 -388.37 123.00 -128.06 0.9435 -0.1025 -0.1793 0.2592 0 3 0 3 0 0 0 0 0
4.26 -6.79 2.05 -343.19 99.12 -137.94 0.8804 -0.4310 -0.1725 0.0968 0 3 0 3 0 0 0 0 0
0.59 -9.39 1.75 -282.00 122.56 111.06 0.7536 -0.6502 -0.0950 0.0172 0 3 0 3 0 0 0 0 0
-1.44 1.65 -2.35 171.50 157.19 -3.56 0.7339 -0.6786 0.0277 -0.0067 0 3 0 3 0 0 0 0 0
-0.52 4.73 -6.15 -32.25 68.94 9.19 0.7580 -0.6446 0.0906 -0.0419 0 3 0 3 0 0 0 0 0
0.37 0.84 -8.63 -22.25 -12.56 -3.00 0.7686 -0.6301 0.0864 -0.0696 0 3 0 3 0 0 0 0 0
-0.86 -0.11 -7.49 -85.87 -75.06 1.56 0.7415 -0.6669 0.0485 -0.0562 0 3 0 3 0 0 0 0 0
-0.89 0.90 -0.94 -72.06 -118.12 43.69 0.6974 -0.7166 -0.0009 0.0066 0 3 0 3 0 0 0 0 0
2.69 2.74 11.35 -106.00 -63.06 -31.06 0.6759 -0.7339 -0.0460 0.0491 0 3 0 3 0 0 0 0 0
1.05 0.77 3.27 -40.50 45.63 86.50 0.6993 -0.7112 -0.0515 0.0501 0 3 0 3 0 0 0 0 0
2.08 0.40 -0.98 28.94 -11.00 -9.44 0.7031 -0.7084 -0.0290 0.0548 0 3 0 3 0 0 0 0 0
3.78 -1.87 4.65 -18.69 46.50 -13.44 0.6906 -0.7208 -0.0380 0.0470 0 3 0 3 0 0 0 0 0
5.40 -5.05 9.09 -40.81 185.56 21.44 0.5395 -0.5825 0.4465 -0.4127 0 3 0 3 0 0 0 0 0
3.78 0.29 -3.14 -101.94 259.94 146.31 0.4816 -0.4769 0.5580 -0.4788 0 3 0 3 0 0 0 0 0
-0.51 2.03 -14.46 -11.38 125.62 52.50 0.4179 -0.3572 0.6542 -0.5193 0 3 0 3 0 0 0 0 0
-0.03 1.36 -3.39 24.94 8.44 -15.81 0.3984 -0.3513 0.6589 -0.5326 0 3 0 3 0 0 0 0 0
0.10 -0.21 -2.24 17.75 -18.56 -12.25 0.4025 -0.3620 0.6480 -0.5358 0 3 0 3 0 0 0 0 0
-1.08 0.58 -6.81 24.87 -51.19 -13.56 0.4180 -0.3754 0.6306 -0.5355 1 3 0 3 0 0 0 0 0
-0.61 -5.04 -4.46 109.94 -128.87 -47.56 0.4597 -0.4023 0.5602 -0.5594 3 3 0 3 0 0 0 0 0
4.09 -5.80 6.55 148.37 -126.94 39.06 0.5438 -0.4182 0.4568 -0.5664 3 3 0 3 0 0 0 0 0
3.24 0.93 2.22 107.69 -26.94 88.31 0.6274 -0.3845 0.4109 -0.5381 3 3 0 3 0 0 0 0 0
1.47 4.09 -0.56 82.50 18.37 52.75 0.6744 -0.3315 0.4026 -0.5226 3 3 0 3 0 0 0 0 0
1.48 4.94 -2.68 73.31 22.12 -28.62 0.6866 -0.2894 0.3881 -0.5424 3 3 0 3 0 0 0 0 0
1.61 4.59 -5.06 102.00 -18.00 -86.75 0.6760 -0.2691 0.3425 -0.5945 3 3 0 3 0 0 0 0 0
0.95 0.85 -5.11 385.50 -130.75 -94.00 0.6798 -0.2113 0.1908 -0.6758 3 3 0 3 0 0 0 0 0
3.05 -3.64 7.28 -33.06 -163.44 -92.31 0.6766 -0.1896 -0.0114 -0.7114 3 3 0 3 0 0 0 0 0
2.62 -2.74 8.40 29.87 -40.38 -1.94 0.6509 -0.2465 -0.0602 -0.7155 3 3 0 3 0 0 0 0 0
0.94 -0.09 1.51 70.25 -1.37 5.00 0.6628 -0.2242 -0.0822 -0.7097 3 3 0 3 0 0 0 0 0
3.82 -1.62 6.64 19.00 19.69 -1.19 0.6686 -0.2028 -0.0915 -0.7095 3 3 0 3 0 0 0 0 0
1.67 -2.66 0.45 53.25 193.37 -6.37 0.6781 -0.1207 -0.0593 -0.7225 3 3 0 3 0 0 0 0 0
-0.51 -0.13 -4.70 34.81 135.94 -22.19 0.6797 -0.0046 -0.0107 -0.7333 3 3 0 3 0 0 0 0 0
-0.36 -1.38 -4.27 -93.25 36.88 -33.81 0.6641 0.0126 0.0378 -0.7465 3 3 0 3 0 0 0 0 0
0.37 -1.03 -3.80 21.44 -6.50 2.31 0.6601 0.0172 0.0490 -0.7494 3 3 0 3 0 0 0 0 0
0.38 -0.76 -2.54 -27.44 -35.69 10.75 0.6650 0.0007 0.0430 -0.7456 3 3 0 3 0 0 0 0 0
-0.56 -0.13 -4.96 -35.69 -57.69 -1.12 0.6675 -0.0408 0.0461 -0.7421 3 3 0 3 0 0 0 0 0
-0.53 1.17 -7.08 -96.31 -139.94 -32.25 0.6603 -0.1135 0.0244 -0.7419 3 3 0 3 0 0 0 0 0
5.77 -3.55 8.00 -19.50 -166.94 -33.06 0.6351 -0.2296 -0.0380 -0.7366 3 3 0 3 0 0 0 0 0
2.97 -4.07 6.65 21.31 -26.75 -4.19 0.6194 -0.2689 -0.0685 -0.7344 3 3 0 3 0 0 0 0 0
-0.63 -0.66 -1.50 82.50 6.62 6.06 0.6368 -0.2348 -0.0995 -0.7277 3 3 0 3 0 0 0 0 0
-0.74 -4.77 -0.31 224.69 -20.37 5.31 0.6625 -0.1550 -0.2046 -0.7037 3 3 0 3 0 0 0 0 0
-0.72 -5.80 0.88 319.06 -10.38 46.25 0.6919 -0.0574 -0.3258 -0.6417 3 3 0 3 0 0 0 0 0
0.93 -1.04 -4.36 553.12 -15.00 60.44 0.7106 0.1278 -0.4788 -0.4994 3 3 0 3 0 0 0 0 0
2.92 -1.29 -5.20 219.00 -59.19 58.50 0.6409 0.2712 -0.6346 -0.3359 3 3 0 3 0 0 0 0 0
1.30 -1.73 -5.19 55.81 -36.31 2.50 0.6003 0.3097 -0.6826 -0.2789 3 3 0 3 0 0 0 0 0
0.97 -1.91 -5.74 -29.81 -45.88 -5.25 0.5812 0.3043 -0.6967 -0.2902 2 3 0 3 0 0 0 0 0
2.49 -3.53 -8.27 -41.50 -131.25 2.69 0.5479 0.2673 -0.7189 -0.3340 2 3 0 3 0 0 0 0 0
4.22 -4.25 3.77 -30.69 -189.06 65.81 0.4596 0.1844 -0.7829 -0.3766 2 3 0 3 0 0 0 0 0
2.15 1.07 10.03 -9.25 -137.31 73.12 0.3938 0.1035 -0.8322 -0.3763 2 3 0 3 0 0 0 0 0
0.42 0.06 3.64 22.87 -1.62 -20.25 0.3805 0.0936 -0.8416 -0.3718 2 3 0 3 0 0 0 0 0
1.33 -0.66 0.56 39.44 34.06 -27.37 0.3824 0.1173 -0.8427 -0.3604 2 3 0 3 0 0 0 0 0
1.34 -0.47 2.92 23.12 58.44 -30.50 0.3964 0.1523 -0.8359 -0.3479 3 3 0 3 0 0 0 0 0
0.26 -1.62 3.59 55.00 130.25 -50.75 0.4347 0.2084 -0.8138 -0.3244 3 3 0 3 0 0 0 0 0
2.70 -2.08 -1.33 -20.12 186.37 -44.31 0.5167 0.2744 -0.7544 -0.2977 3 3 0 3 0 0 0 0 0
3.55 -1.76 -4.51 -1.87 89.12 -12.69 0.5699 0.3156 -0.7044 -0.2819 3 3 0 3 0 0 0 0 0
1.31 -3.17 -3.84 10.25 23.19 -3.44 0.5861 0.3320 -0.6854 -0.2767 2 3 0 3 0 0 0 0 0
-0.94 -4.30 -1.43 -7.37 8.25 -5.31 0.5867 0.3336 -0.6840 -0.2772 2 3 0 3 0 0 0 0 0
-0.59 -3.66 -0.67 -77.56 19.06 33.19 0.6009 0.3082 -0.6807 -0.2839 2 3 0 3 0 0 0 0 0
0.94 -1.55 -1.00 -281.44 87.75 -16.25 0.6473 0.2422 -0.6384 -0.3387 2 3 0 3 0 0 0 0 0
2.76 2.38 3.52 -479.19 65.75 -42.69 0.7027 0.0914 -0.4918 -0.5060 2 3 0 3 0 0 0 0 0
5.95 2.52 7.09 -194.12 -9.56 -74.25 0.6942 -0.0736 -0.3419 -0.6292 2 3 0 3 0 0 0 0 0
0.54 -3.22 -3.51 -197.12 193.25 -64.37 0.6711 -0.0901 -0.2039 -0.7070 2 3 0 3 0 0 0 0 0
-2.85 -0.99 -7.44 -201.12 83.56 1.75 0.6705 -0.1131 -0.0237 -0.7329 2 3 0 3 0 0 0 0 0
-2.00 0.64 -7.57 -3.19 24.62 -8.25 0.6635 -0.1342 0.0369 -0.7351 2 3 0 3 0 0 0 0 0
-0.55 -1.62 -7.47 41.44 -75.62 -16.87 0.6594 -0.1334 -0.0050 -0.7398 2 3 0 3 0 0 0 0 0
3.43 -1.50 0.06 10.56 -201.25 -14.25 0.6479 -0.2095 -0.0739 -0.7286 3 3 0 3 0 0 0 0 0
11.21 -3.70 12.49 -101.50 -44.25 35.38 0.6331 -0.3016 -0.1210 -0.7025 3 3 0 3 0 0 0 0 0
-0.91 2.96 0.13 -26.25 50.63 17.75 0.6367 -0.3009 -0.0747 -0.7061 3 3 0 3 0 0 0 0 0
-3.23 1.78 -4.29 -28.31 -13.25 -85.12 0.6106 -0.3001 -0.0573 -0.7307 3 3 0 3 0 0 0 0 0
-3.37 -3.58 -3.10 57.94 -25.75 -79.00 0.5567 -0.3225 -0.0698 -0.7624 3 3 0 3 0 0 0 0 0
-0.44 -10.78 1.04 543.31 -13.50 -46.81 0.5982 -0.1735 -0.2867 -0.7279 3 3 0 3 0 0 0 0 0
7.06 1.62 5.27 839.87 2.81 67.94 0.6341 0.1666 -0.5859 -0.4763 3 3 0 3 0 0 0 0 0
-0.61 -4.22 -1.08 359.31 -138.44 -86.31 0.3890 0.4516 -0.7844 -0.1713 3 3 0 3 0 0 0 0 0
-3.16 -5.28 5.37 378.75 14.75 5.12 0.2167 0.5515 -0.8046 0.0392 3 3 0 3 0 0 0 0 0
-1.02 0.98 5.61 264.75 173.62 -6.31 0.0682 0.5469 -0.7404 0.3849 3 3 0 3 0 0 0 0 0
2.30 2.94 1.98 -2.00 211.00 -129.69 0.1479 0.5308 -0.6561 0.5157 3 3 0 3 0 0 0 0 0
8.14 0.73 -5.03 -509.94 70.94 -158.37 0.4047 0.4988 -0.6891 0.3354 3 3 0 3 0 0 0 0 0
5.00 -3.17 -11.09 -502.00 484.94 -286.87 0.7494 0.3166 -0.5744 0.0905 2 3 0 3 0 0 0 0 0
0.67 -4.55 -7.47 -540.00 324.12 -245.75 0.9222 0.1098 -0.3354 -0.1576 2 3 0 3 0 0 0 0 0
-0.60 -3.87 -5.51 -469.37 387.37 -71.00 0.9564 -0.0813 0.0020 -0.2808 2 3 0 3 0 0 0 0 0
-1.58 -4.45 -3.04 -196.19 259.56 113.19 0.9064 -0.1984 0.2758 -0.2509 2 3 0 3 0 0 0 0 0
-2.73 -4.97 0.91 269.62 -121.50 77.87 0.9236 -0.1245 0.2928 -0.2137 2 3 0 3 0 0 0 0 0
-0.25 0.75 2.96 387.25 -573.37 -59.94 0.9641 0.0729 0.0899 -0.2391 2 3 0 3 0 0 0 0 0
-6.04 -0.34 10.77 370.62 -963.75 39.69 0.7881 0.1434 -0.5316 -0.2750 2 3 0 3 0 0 0 0 0
-1.06 1.84 6.02 703.56 -462.31 325.12 0.4410 0.2032 -0.8741 0.0151 2 3 0 3 0 0 0 0 0
-3.06 -0.56 3.71 368.25 -114.00 204.50 0.2003 0.1696 -0.9182 0.2969 2 3 0 3 0 0 0 0 0
0.84 -0.85 2.97 201.87 25.06 -21.75 0.0961 0.1573 -0.8572 0.4810 2 3 0 3 0 0 0 0 0
6.55 -6.42 -2.46 -35.88 202.50 -259.12 0.2733 0.2147 -0.7641 0.5435 2 3 0 3 0 0 0 0 0
5.94 -4.58 -5.01 -339.06 488.25 -486.37 0.5787 0.2507 -0.6779 0.3776 2 3 0 3 0 0 0 0 0
0.97 -4.13 -8.22 -452.81 366.62 -325.44 0.8617 0.1611 -0.4720 0.0933 2 3 0 3 0 0 0 0 0
-2.80 -3.25 -7.40 -204.31 524.12 -168.25 0.9792 -0.0269 -0.1657 -0.1135 2 3 0 3 0 0 0 0 0
-3.31 -6.47 -0.83 -108.12 110.56 -158.75 0.9531 -0.1343 0.0184 -0.2707 2 3 0 3 0 0 0 0 0
-2.39 -3.60 -0.15 -34.44 171.44 -60.44 0.9305 -0.1436 0.1145 -0.3168 2 3 0 3 0 0 0 0 0
-3.56 -4.26 7.41 272.87 -80.06 -177.62 0.9088 -0.0751 0.0999 -0.3981 2 3 0 3 0 0 0 0 0
-4.87 -2.94 -0.40 638.19 -478.12 -19.50 0.8406 0.1547 -0.2418 -0.4594 2 3 0 3 0 0 0 0 0
-9.11 -5.26 2.86 374.25 -444.94 109.06 0.5875 0.2021 -0.7046 -0.3427 2 3 0 3 0 0 0 0 0
0.00 -4.24 1.57 292.12 -28.25 196.87 0.5537 0.2095 -0.7985 -0.1094 2 3 0 3 0 0 0 0 0
5.29 -1.95 -0.27 -68.62 163.31 -225.81 0.5813 0.2497 -0.7740 -0.0269 2 3 0 3 0 0 0 0 0
0.73 -2.51 -3.89 -485.69 276.25 -281.25 0.7391 0.2782 -0.5532 -0.2654 2 3 0 3 0 0 0 0 0
-0.08 -2.85 -0.30 -414.44 66.94 -82.56 0.8165 0.0869 -0.3377 -0.4601 1 3 0 3 0 0 0 0 0
0.52 -0.24 1.11 -140.06 -61.56 10.50 0.7999 -0.0405 -0.2802 -0.5291 1 3 0 3 0 0 0 0 0
3.63 -0.75 2.51 -261.94 -10.88 94.31 0.7944 -0.1955 -0.1948 -0.5410 2 3 0 3 0 0 0 0 0
-0.54 -2.55 -1.36 86.81 592.87 0.06 0.8200 -0.1044 -0.0399 -0.5613 2 3 0 3 0 0 0 0 0
-0.50 -0.09 -0.22 -7.62 -16.44 -55.63 0.8062 0.0453 -0.0205 -0.5896 2 3 0 3 0 0 0 0 0
0.76 -1.52 -0.22 -27.19 14.50 66.81 0.8232 0.0338 -0.0085 -0.5667 2 3 0 3 0 0 0 0 0
-0.33 -4.12 -0.80 -86.62 22.94 155.62 0.8618 0.0214 0.0159 -0.5065 3 3 0 3 0 0 0 0 0
0.27 -1.51 -1.03 -113.75 55.56 102.94 0.9136 0.2070 -0.0875 -0.3389 3 3 0 3 0 0 0 0 0
0.29 -2.52 0.11 11.69 -16.25 -92.87 0.9253 0.1435 -0.0809 -0.3416 3 3 0 3 0 0 0 0 0
0.13 -1.73 -0.11 -13.81 -3.25 3.19 0.9148 0.1525 -0.0829 -0.3647 3 3 0 3 0 0 0 0 0
0.03 -1.15 -0.31 1.50 0.50 -0.44 0.9190 0.1274 -0.0751 -0.3654 3 3 0 3 0 0 0 0 0
0.01 -0.60 -0.47 0.19 0.19 -0.13 0.9233 0.0966 -0.0656 -0.3660 3 3 0 3 0 0 0 0 0
0.00 -0.40 -0.51 0.06 0.13 -0.06 0.9242 0.0882 -0.0629 -0.3663 3 3 0 3 0 0 0 0 0
-0.01 -0.34 -0.49 0.06 0.00 -0.06 0.9246 0.0844 -0.0618 -0.3662 3 3 0 3 0 0 0 0 0
0.00 -0.28 -0.51 0.19 0.06 -0.06 0.9245 0.0828 -0.0614 -0.3669 3 3 0 3 0 0 0 0 0
-0.01 -0.30 -0.55 -0.13 0.06 0.00 0.9244 0.0822 -0.0613 -0.3673 3 3 0 3 0 0 0 0 0
-0.01 -0.28 -0.52 -0.06 -0.19 0.06 0.9244 0.0818 -0.0612 -0.3674 3 3 0 3 0 0 0 0 0
-0.01 -0.25 -0.53 0.00 -0.06 0.06 0.9246 0.0814 -0.0610 -0.3673 3 3 0 3 0 0 0 0 0
0.00 -0.26 -0.56 0.50 -0.13 -0.13 0.9243 0.0809 -0.0610 -0.3681 3 3 0 3 0 0 0 0 0
-0.01 -0.25 -0.50 -0.62 -0.25 0.13 0.9243 0.0806 -0.0609 -0.3681 3 3 0 3 0 0 0 0 0
-0.01 -0.23 -0.58 0.50 0.19 -0.19 0.9243 0.0803 -0.0607 -0.3682 3 3 0 3 0 0 0 0 0
0.00 -0.23 -0.52 -0.44 0.06 -0.13 0.9243 0.0800 -0.0607 -0.3683 3 3 0 3 0 0 0 0 0
0.01 -0.11 -0.01 0.37 0.06 0.06 0.9243 0.0797 -0.0606 -0.3683 3 3 1 3 0 0 0 0 0
0.01 -0.11 0.02 0.06 -0.06 0.00 0.9243 0.0798 -0.0606 -0.3684 3 3 1 3 0 0 0 0 0
0.01 -0.13 0.03 0.81 -0.13 -0.13 0.9243 0.0795 -0.0605 -0.3685 3 3 1 3 0 0 0 0 0
0.00 -0.12 0.00 0.13 0.00 -0.06 0.9238 0.0792 -0.0606 -0.3698 3 3 1 3 0 0 0 0 0
0.00 -0.11 0.01 0.19 0.13 0.06 0.9232 0.0790 -0.0607 -0.3713 3 3 1 3 0 0 0 0 0
0.00 -0.14 0.03 -0.19 -0.25 0.06 0.9229 0.0789 -0.0607 -0.3719 3 3 1 3 0 0 0 0 0
0.00 -0.13 0.00 0.06 0.06 0.00 0.9224 0.0789 -0.0609 -0.3730 3 3 1 3 0 0 0 0 0
0.00 -0.12 0.00 0.00 0.19 0.00 0.9222 0.0789 -0.0609 -0.3737 3 3 1 3 0 0 0 0 0
0.01 -0.13 -0.03 0.06 -0.06 0.00 0.9218 0.0788 -0.0610 -0.3746 3 3 1 3 0 0 0 0 0
-0.01 -0.13 0.05 -0.19 -0.37 0.06 0.9209 0.0786 -0.0612 -0.3768 3 3 1 3 0 0 0 0 0
0.00 -0.12 0.02 0.31 0.06 -0.06 0.9205 0.0786 -0.0613 -0.3777 3 3 1 3 0 0 0 0 0
-0.01 -0.09 0.01 0.31 0.13 0.00 0.9197 0.0785 -0.0614 -0.3796 3 3 1 3 0 0 0 0 0
0.00 -0.16 -0.07 0.81 0.06 -0.06 0.9196 0.0784 -0.0614 -0.3802 3 3 1 3 0 0 0 0 0
0.02 -0.15 0.06 -1.50 -0.44 0.25 0.9196 0.0782 -0.0615 -0.3802 3 3 1 3 0 0 0 0 0
0.01 -0.15 0.05 -0.88 -0.25 0.06 0.9195 0.0784 -0.0616 -0.3802 3 3 1 3 0 0 0 0 0
0.00 -0.11 0.00 0.25 0.06 -0.13 0.9195 0.0785 -0.0616 -0.3802 3 3 1 3 0 0 0 0 0
0.01 -0.15 0.00 -0.13 0.06 0.06 0.9195 0.0785 -0.0616 -0.3802 3 3 1 3 0 0 0 0 0
0.01 -0.15 0.06 -0.94 -0.37 0.13 0.9195 0.0785 -0.0616 -0.3802 3 3 1 3 0 0 0 0 0
0.00 -0.14 0.04 0.25 0.19 0.06 0.9195 0.0787 -0.0617 -0.3802 3 3 1 3 0 0 0 0 0
0.00 -0.14 0.00 0.06 -0.31 -0.06 0.9195 0.0787 -0.0618 -0.3802 3 3 1 3 0 0 0 0 0
0.01 -0.13 0.04 -0.06 -0.19 0.06 0.9195 0.0787 -0.0618 -0.3802 3 3 1 3 0 0 0 0 0
0.00 -0.16 0.01 0.06 0.19 0.06 0.9195 0.0787 -0.0618 -0.3802 3 3 1 3 0 0 0 0 0
0.01 -0.11 0.01 0.06 -0.25 0.00 0.9195 0.0787 -0.0618 -0.3802 3 3 1 3 0 0 0 0 0
0.00 -0.14 0.01 0.06 -0.25 0.00 0.9195 0.0787 -0.0618 -0.3802 3 3 1 3 0 0 0 0 0
0.01 -0.14 0.01 -0.19 -0.19 0.06 0.9195 0.0787 -0.0618 -0.3802 3 3 1 3 0 0 0 0 0
0.01 -0.12 0.03 -0.13 -0.06 0.13 0.9195 0.0787 -0.0618 -0.3802 3 3 1 3 0 0 0 0 0
0.00 -0.14 0.03 0.13 0.00 0.06 0.9195 0.0787 -0.0618 -0.3802 3 3 1 3 0 0 0