 0 0 0 0
0.04 0.11 -0.11 -0.81 0.88 -0.50 0.7629 -0.1081 0.0674 -0.6339 3 0 1 3 0 0 0 0 0
0.04 0.12 -0.02 -2.81 0.50 0.56 0.7631 -0.1083 0.0685 -0.6335 3 0 1 3 0 0 0 0 0
0.04 0.11 -0.06 -1.37 -0.56 0.00 0.7629 -0.1095 0.0695 -0.6334 3 0 1 3 0 0 0 0 0
0.07 0.11 -0.03 -0.25 -0.13 -0.06 0.7629 -0.1096 0.0695 -0.6334 3 0 1 3 0 0 0 0 0
0.03 0.12 -0.06 -3.25 1.06 -0.25 0.7628 -0.1102 0.0704 -0.6333 3 0 1 3 0 0 0 0 0
0.02 0.11 -0.07 -1.75 1.75 -0.69 0.7624 -0.1108 0.0720 -0.6335 3 0 1 3 0 0 0 0 0
0.03 0.11 -0.03 -2.31 1.25 -0.56 0.7617 -0.1114 0.0740 -0.6340 3 0 1 3 0 0 0 0 0
0.04 0.08 -0.06 -2.31 2.00 -1.00 0.7610 -0.1121 0.0761 -0.6343 3 0 1 3 0 0 0 0 0
0.03 0.07 -0.04 0.44 0.81 -0.31 0.7607 -0.1120 0.0771 -0.6346 3 0 1 3 0 0 0 0 0
0.05 0.11 -0.01 -0.56 0.31 0.56 0.7609 -0.1113 0.0765 -0.6347 3 0 1 3 0 0 0 0 0
0.03 0.11 -0.03 -0.31 -0.13 0.19 0.7610 -0.1108 0.0764 -0.6347 3 0 1 3 0 0 0 0 0
0.05 0.09 -0.04 4.31 -2.62 2.31 0.7615 -0.1099 0.0752 -0.6343 3 0 1 3 0 0 0 0 0
0.10 0.15 0.00 0.81 -1.37 1.19 0.7631 -0.1095 0.0717 -0.6330 3 0 1 3 0 0 0 0 0
0.04 0.11 -0.03 0.37 -0.37 0.06 0.7630 -0.1098 0.0720 -0.6329 3 0 1 3 0 0 0 0 0
0.08 0.14 0.00 2.44 -2.00 1.12 0.7633 -0.1097 0.0709 -0.6327 3 0 1 3 0 0 0 0 0
0.05 0.12 -0.06 0.50 -0.56 0.25 0.7634 -0.1096 0.0704 -0.6326 3 0 1 3 0 0 0 0 0
0.08 0.14 -0.05 2.56 -0.69 0.69 0.7637 -0.1089 0.0694 -0.6324 3 0 1 3 0 0 0 0 0
0.04 0.13 -0.06 0.75 1.00 -0.75 0.7636 -0.1080 0.0694 -0.6328 3 0 1 3 0 0 0 0 0
0.07 0.13 -0.05 -0.31 0.37 -0.06 0.7634 -0.1077 0.0693 -0.6331 3 0 1 3 0 0 0 0 0
0.06 0.12 -0.03 -2.00 0.13 0.56 0.7634 -0.1084 0.0699 -0.6329 3 0 1 3 0 0 0 0 0
0.05 0.11 -0.03 -0.75 0.06 0.31 0.7633 -0.1091 0.0705 -0.6328 3 0 1 3 0 0 0 0 0
0.05 0.12 -0.04 -0.75 1.44 0.06 0.7633 -0.1089 0.0707 -0.6328 3 0 1 3 0 0 0 0 0
0.49 -0.21 -0.07 -3.75 7.94 -2.62 0.7625 -0.1089 0.0748 -0.6334 3 0 1 3 0 0 0 0 0
0.61 -0.08 -0.10 -10.38 6.06 -32.19 0.7512 -0.1118 0.0831 -0.6452 3 0 1 3 0 0 0 0 0
-0.22 0.07 0.05 -15.13 6.87 -22.37 0.7358 -0.1183 0.0914 -0.6605 3 0 1 3 0 0 0 0 0
-0.09 0.13 0.04 2.06 -3.12 -0.75 0.7316 -0.1199 0.0943 -0.6645 3 0 1 3 0 0 0 0 0
0.58 0.19 0.01 0.25 -1.75 4.81 0.7336 -0.1205 0.0926 -0.6624 3 0 1 3 0 0 0 0 0
-0.03 0.15 0.00 1.81 0.37 0.62 0.7345 -0.1193 0.0918 -0.6617 3 0 1 3 0 0 0 0 0
-0.01 0.15 0.02 -1.00 1.75 -0.44 0.7346 -0.1180 0.0923 -0.6617 3 0 1 3 0 0 0 0 0
-0.02 0.11 -0.01 -0.69 0.19 -0.31 0.7346 -0.1181 0.0927 -0.6617 3 0 1 3 0 0 0 0 0
-0.02 0.10 0.01 0.13 -1.12 -0.06 0.7346 -0.1181 0.0925 -0.6617 3 0 1 3 0 0 0 0 0
0.00 0.16 0.00 7.87 -4.37 1.25 0.7357 -0.1168 0.0883 -0.6614 3 0 1 3 0 0 0 0 0
0.01 0.16 -0.04 2.94 -0.37 0.69 0.7368 -0.1152 0.0850 -0.6608 3 0 1 3 0 0 0 0 0
-0.01 0.13 0.00 2.69 0.00 2.31 0.7375 -0.1140 0.0840 -0.6603 3 0 1 3 0 0 0 0 0
0.01 0.12 -0.03 1.06 -0.75 1.19 0.7386 -0.1127 0.0821 -0.6596 3 0 1 3 0 0 0 0 0
-0.01 0.13 -0.04 3.75 -1.50 1.06 0.7393 -0.1116 0.0810 -0.6591 3 0 1 3 0 0 0 0 0
0.10 0.19 -0.01 -1.50 -0.62 4.37 0.7404 -0.1118 0.0801 -0.6580 3 0 1 3 0 0 0 0 0
-0.01 0.11 -0.05 -4.06 3.00 2.31 0.7421 -0.1116 0.0805 -0.6560 3 0 1 3 0 0 0 0 0
0.01 0.19 0.00 -1.00 -0.19 4.81 0.7441 -0.1120 0.0823 -0.6534 3 0 1 3 0 0 0 0 0
0.02 0.12 -0.03 -1.44 0.50 0.56 0.7451 -0.1124 0.0826 -0.6522 3 0 1 3 0 0 0 0 0
0.04 0.11 0.00 -5.06 1.56 0.13 0.7447 -0.1138 0.0850 -0.6522 3 0 1 3 0 0 0 0 0
0.07 0.12 -0.02 -5.12 0.81 -0.50 0.7442 -0.1158 0.0878 -0.6520 3 0 1 3 0 0 0 0 0
0.01 0.10 -0.02 1.37 -0.69 -0.25 0.7441 -0.1167 0.0884 -0.6519 3 0 1 3 0 0 0 0 0
0.03 0.09 0.02 0.37 -0.44 -0.06 0.7441 -0.1166 0.0881 -0.6519 3 0 1 3 0 0 0 0 0
0.03 0.12 -0.01 1.37 0.06 -0.62 0.7442 -0.1160 0.0876 -0.6519 3 0 1 3 0 0 0 0 0
0.02 0.08 -0.02 -0.13 0.69 -0.50 0.7439 -0.1157 0.0875 -0.6523 3 0 1 3 0 0 0 0 0
0.02 0.13 0.04 0.37 1.62 0.81 0.7441 -0.1149 0.0878 -0.6522 3 0 1 3 0 0 0 0 0
0.02 0.10 0.01 -1.94 0.81 -0.19 0.7439 -0.1157 0.0889 -0.6522 3 0 1 3 0 0 0 0 0
0.07 0.10 -0.02 -2.69 0.44 -1.62 0.7430 -0.1172 0.0904 -0.6527 3 0 1 3 0 0 0 0 0
0.03 0.07 0.00 0.06 -0.06 -0.19 0.7427 -0.1172 0.0909 -0.6530 3 0 1 3 0 0 0 0 0
0.03 0.08 -0.03 0.94 -1.25 0.37 0.7428 -0.1171 0.0905 -0.6530 3 0 1 3 0 0 0 0 0
0.01 0.05 0.04 2.50 -1.00 -0.50 0.7430 -0.1167 0.0893 -0.6529 3 0 1 3 0 0 0 0 0
0.03 0.09 0.00 0.19 -0.25 0.06 0.7430 -0.1161 0.0883 -0.6531 3 0 1 3 0 0 0 0 0
0.03 0.10 -0.01 0.75 -0.37 0.00 0.7430 -0.1161 0.0881 -0.6531 3 0 1 3 0 0 0 0 0
0.02 0.09 0.01 0.69 0.19 0.00 0.7431 -0.1160 0.0880 -0.6532 3 0 1 3 0 0 0 0 0
0.05 0.08 -0.02 -0.69 0.31 0.13 0.7432 -0.1155 0.0876 -0.6533 3 0 1 3 0 0 0 0 0
0.04 0.07 -0.01 1.75 -0.94 0.94 0.7432 -0.1154 0.0874 -0.6532 3 0 1 3 0 0 0 0 0
0.02 0.09 -0.01 0.44 0.56 0.00 0.7438 -0.1143 0.0862 -0.6529 3 0 1 3 0 0 0 0 0
0.03 0.08 -0.01 0.62 0.44 0.19 0.7438 -0.1142 0.0862 -0.6529 3 0 1 3 0 0 0 0 0
0.03 0.10 -0.01 0.13 -0.13 -0.06 0.7438 -0.1141 0.0861 -0.6529 3 0 1 3 0 0 0 0 0
0.03 0.10 -0.01 0.13 0.13 -0.06 0.7439 -0.1138 0.0858 -0.6530 3 0 1 3 0 0 0 0 0
0.03 0.12 -0.03 1.25 1.75 0.37 0.7439 -0.1129 0.0859 -0.6531 3 0 1 3 0 0 0 0 0
0.01 0.10 0.00 0.06 -0.13 0.06 0.7438 -0.1126 0.0865 -0.6531 3 0 1 3 0 0 0 0 0
0.05 0.12 0.00 -0.19 -0.75 0.00 0.7438 -0.1130 0.0861 -0.6531 3 0 1 3 0 0 0 0 0
0.04 0.11 -0.01 0.62 -0.50 0.00 0.7438 -0.1130 0.0861 -0.6531 3 0 1 3 0 0 0 0 0
0.04 0.10 0.00 0.81 -0.13 0.31 0.7439 -0.1126 0.0857 -0.6531 3 0 1 3 0 0 0 0 0
0.02 0.11 -0.04 -0.31 0.19 -0.13 0.7439 -0.1126 0.0857 -0.6531 3 0 1 3 0 0 0 0 0
0.05 0.13 0.00 0.37 -0.06 0.00 0.7440 -0.1125 0.0856 -0.6531 3 0 1 3 0 0 0 0 0
0.04 0.13 -0.03 0.94 0.19 -0.31 0.7440 -0.1124 0.0856 -0.6531 3 0 1 3 0 0 0 0 0
0.05 0.14 0.00 -0.06 0.31 -0.06 0.7438 -0.1119 0.0856 -0.6534 3 0 1 3 0 0 0 0 0
0.03 0.12 0.01 -0.94 0.13 -0.31 0.7438 -0.1121 0.0857 -0.6534 3 0 1 3 0 0 0 0 0
0.04 0.12 -0.02 -0.13 -0.13 0.00 0.7438 -0.1122 0.0858 -0.6533 3 0 1 3 0 0 0 0 0
0.04 0.11 -0.02 0.13 -0.44 0.13 0.7438 -0.1122 0.0858 -0.6533 3 0 1 3 0 0 0 0 0
0.13 -0.12 0.08 6.06 -1.25 -1.44 0.7437 -0.1120 0.0854 -0.6534 3 0 1 3 0 0 0 0 0
0.09 0.00 -0.03 4.31 -0.81 -0.94 0.7434 -0.1093 0.0820 -0.6547 3 0 1 3 0 0 0 0 0
0.10 -0.04 0.01 12.69 -1.50 -0.81 0.7435 -0.1083 0.0807 -0.6550 3 0 1 3 0 0 0 0 0
0.06 0.11 0.00 -0.37 0.13 -0.06 0.7434 -0.1086 0.0811 -0.6550 3 0 1 3 0 0 0 0 0
0.07 0.13 -0.02 0.50 0.31 -0.06 0.7435 -0.1078 0.0802 -0.6551 3 0 1 3 0 0 0 0 0
0.06 0.12 -0.03 0.13 -0.06 -0.13 0.7435 -0.1078 0.0803 -0.6551 3 0 1 3 0 0 0 0 0
0.05 0.12 -0.07 -0.06 0.13 0.00 0.7435 -0.1078 0.0803 -0.6551 3 0 1 3 0 0 0 0 0
0.04 0.13 0.00 -1.62 0.13 0.69 0.7435 -0.1082 0.0806 -0.6550 3 0 1 3 0 0 0 0 0
0.04 0.07 -0.09 -2.75 0.69 -0.37 0.7432 -0.1091 0.0819 -0.6550 3 0 1 3 0 0 0 0 0
0.14 0.18 -0.04 7.12 5.19 -3.44 0.7426 -0.1077 0.0833 -0.6558 3 0 1 3 0 0 0 0 0
-0.09 0.02 0.00 13.19 3.69 -9.63 0.7396 -0.1021 0.0824 -0.6602 3 0 1 3 0 0 0 0 0
0.05 -0.11 -0.20 23.94 2.50 -11.75 0.7369 -0.0903 0.0715 -0.6661 3 0 1 3 0 0 0 0 0
-0.14 0.32 -0.24 96.31 0.94 -30.50 0.7228 -0.0490 0.0297 -0.6887 3 0 1 3 0 0 0 0 0
-0.19 -0.94 0.12 -65.62 15.81 -5.12 0.7392 -0.0152 -0.0005 -0.6733 3 0 1 3 0 0 0 0 0
0.18 -0.56 -0.05 0.69 5.94 15.38 0.7359 -0.0139 -0.0047 -0.6769 3 0 1 3 0 0 0 0 0
0.02 0.30 -0.44 22.50 0.75 -4.81 0.7487 -0.0139 -0.0027 -0.6627 3 0 1 3 0 0 0 0 0
0.06 0.07 -0.31 -7.56 -1.44 0.56 0.7477 -0.0124 -0.0032 -0.6639 3 0 1 3 0 0 0 0 0
0.06 0.08 -0.30 3.06 0.62 -0.25 0.7473 -0.0125 -0.0033 -0.6644 3 0 1 3 0 0 0 0 0
0.05 0.06 -0.31 -2.50 -0.37 0.31 0.7467 -0.0127 -0.0032 -0.6650 3 0 1 3 0 0 0 0 0
0.02 0.15 -0.35 1.75 0.37 -0.13 0.7466 -0.0121 -0.0040 -0.6651 3 0 1 3 0 0 0 0 0
0.04 0.09 -0.33 0.56 0.19 0.00 0.7455 -0.0125 -0.0037 -0.6663 3 0 1 3 0 0 0 0 0
0.03 0.13 -0.30 -1.06 0.13 0.19 0.7451 -0.0122 -0.0040 -0.6669 3 0 1 3 0 0 0 0 0
0.05 0.08 -0.33 1.00 0.31 -0.06 0.7446 -0.0123 -0.0041 -0.6674 3 0 1 3 0 0 0 0 0
0.02 0.08 -0.31 -0.81 -0.19 0.19 0.7446 -0.0123 -0.0042 -0.6674 3 0 1 3 0 0 0 0 0
0.03 0.10 -0.33 0.56 0.31 -0.19 0.7446 -0.0123 -0.0043 -0.6674 3 0 1 3 0 0 0 0 0
0.04 0.08 -0.32 -0.25 0.13 0.06 0.7439 -0.0123 -0.0043 -0.6682 3 0 1 3 0 0 0 0 0
0.05 0.11 -0.34 -0.13 0.13 0.00 0.7432 -0.0123 -0.0045 -0.6689 3 0 1 3 0 0 0 0 0
0.04 0.09 -0.33 0.19 0.19 0.06 0.7430 -0.0123 -0.0046 -0.6691 3 0 1 3 0 0 0 0 0
-0.07 -0.03 -0.30 -0.50 0.00 0.00 0.7422 -0.0123 -0.0046 -0.6700 3 0 1 3 0 0 0 0 0
0.01 -0.03 -0.26 -4.06 1.50 0.44 0.7427 -0.0121 -0.0045 -0.6696 3 0 1 3 0 0 0 0 0
0.31 0.12 -0.35 -2.62 5.50 56.81 0.7557 -0.0106 -0.0024 -0.6548 3 0 1 3 0 0 0 0 0
0.07 0.15 -0.39 1.37 0.37 -0.50 0.7607 -0.0104 -0.0017 -0.6490 3 0 1 3 0 0 0 0 0
0.09 0.02 -0.27 -2.31 0.06 -0.44 0.7607 -0.0105 -0.0016 -0.6490 3 0 1 3 0 0 0 0 0
0.08 0.12 -0.37 1.06 0.44 -2.25 0.7595 -0.0103 -0.0016 -0.6504 3 0 1 3 0 0 0 0 0
0.02 0.07 -0.33 0.13 0.06 -0.25 0.7595 -0.0107 -0.0015 -0.6505 3 0 1 3 0 0 0 0 0
0.07 0.06 -0.33 -0.50 0.00 0.31 0.7595 -0.0107 -0.0018 -0.6505 3 0 1 3 0 0 0 0 0
0.04 0.07 -0.31 0.44 0.37 0.94 0.7596 -0.0107 -0.0020 -0.6503 3 0 1 3 0 0 0 0 0
0.09 0.06 -0.29 -1.56 0.06 0.31 0.7598 -0.0109 -0.0020 -0.6500 3 0 1 3 0 0 0 0 0
0.06 0.07 -0.32 -0.25 0.06 0.06 0.7595 -0.0109 -0.0020 -0.6504 3 0 1 3 0 0 0 0 0
0.04 0.04 -0.32 2.12 -0.06 -0.19 0.7594 -0.0112 -0.0021 -0.6505 3 0 1 3 0 0 0 0 0
0.08 0.04 -0.33 2.31 -0.94 1.62 0.7599 -0.0111 -0.0026 -0.6499 3 0 1 3 0 0 0 0 0
0.12 0.10 -0.34 0.94 2.06 12.13 0.7626 -0.0109 -0.0024 -0.6467 3 0 1 3 0 0 0 0 0
0.11 0.15 -0.04 -1.56 0.13 0.31 0.7662 -0.0110 -0.0018 -0.6425 3 0 1 3 0 0 0 0 0
0.09 0.06 -0.40 1.31 -0.25 -0.06 0.7659 -0.0107 -0.0022 -0.6429 3 0 1 3 0 0 0 0 0
0.12 0.01 -0.33 0.25 -0.44 -0.62 0.7656 -0.0107 -0.0022 -0.6432 3 0 1 3 0 0 0 0 0
0.11 0.00 -0.29 -1.62 0.62 -3.50 0.7650 -0.0106 -0.0022 -0.6440 3 0 1 3 0 0 0 0 0
0.06 0.04 -0.28 -0.37 0.31 -0.13 0.7641 -0.0108 -0.0023 -0.6450 3 0 1 3 0 0 0 0 0
0.08 0.08 -0.32 -0.25 0.06 0.06 0.7640 -0.0108 -0.0023 -0.6451 3 0 1 3 0 0 0 0 0
0.06 -0.09 -0.42 -0.44 0.00 0.06 0.7637 -0.0109 -0.0021 -0.6454 3 0 1 3 0 0 0 0 0
0.08 0.04 -0.30 -0.44 -0.06 -0.37 0.7635 -0.0108 -0.0022 -0.6458 3 0 1 3 0 0 0 0 0
-0.03 0.10 -0.34 -2.44 -7.19 -90.06 0.7438 -0.0120 -0.0047 -0.6682 3 0 1 3 0 0 0 0 0
0.01 0.16 -0.39 -0.62 -3.19 -39.81 0.7234 -0.0142 -0.0068 -0.6902 3 0 1 3 0 0 0 0 0
-0.12 0.04 -0.34 -0.31 -0.44 0.88 0.7036 -0.0159 -0.0085 -0.7103 3 0 1 3 0 0 0 0 0
-0.13 0.04 -0.36 -0.75 0.13 0.19 0.7041 -0.0157 -0.0085 -0.7099 3 0 1 3 0 0 0 0 0
-0.12 0.04 -0.35 0.06 -0.06 1.94 0.7047 -0.0158 -0.0081 -0.7093 3 0 1 3 0 0 0 0 0
-0.20 0.12 -0.32 4.25 2.06 36.75 0.7112 -0.0147 -0.0080 -0.7028 3 0 1 3 0 0 0 0 0
-0.03 0.13 -0.34 2.94 4.62 45.50 0.7422 -0.0107 -0.0062 -0.6700 3 0 1 3 0 0 0 0 0
0.12 0.04 -0.28 -0.37 9.38 97.69 0.7725 -0.0070 -0.0037 -0.6349 3 0 1 3 0 0 0 0 0
0.15 0.13 -0.36 -0.56 -0.13 -0.50 0.7822 -0.0060 -0.0035 -0.6229 3 0 1 3 0 0 0 0 0
0.32 0.00 -0.33 -2.62 -2.19 -6.00 0.7808 -0.0068 -0.0030 -0.6248 3 0 1 3 0 0 0 0 0
0.06 0.04 -0.34 -0.13 0.44 0.19 0.7742 -0.0063 -0.0048 -0.6328 3 0 1 3 0 0 0 0 0
0.07 0.03 -0.34 -0.06 0.69 -0.06 0.7743 -0.0068 -0.0046 -0.6328 3 0 1 3 0 0 0 0 0
0.11 0.05 -0.32 -1.62 -0.06 0.19 0.7745 -0.0067 -0.0050 -0.6324 3 0 1 3 0 0 0 0 0
0.08 0.04 -0.34 0.69 0.06 0.13 0.7745 -0.0067 -0.0053 -0.6324 3 0 1 3 0 0 0 0 0
0.10 0.02 -0.36 -0.31 -0.06 0.13 0.7745 -0.0070 -0.0053 -0.6324 3 0 1 3 0 0 0 0 0
0.10 0.04 -0.33 -0.44 0.13 0.00 0.7742 -0.0069 -0.0056 -0.6329 3 0 1 3 0 0 0 0 0
0.08 0.04 -0.35 0.44 0.13 0.06 0.7742 -0.0071 -0.0056 -0.6329 3 0 1 3 0 0 0 0 0
0.13 0.13 -0.38 -2.37 0.06 -0.06 0.7739 -0.0078 -0.0051 -0.6332 3 0 1 3 0 0 0 0 0
0.25 0.22 -0.38 1.31 1.06 -0.13 0.7738 -0.0085 -0.0046 -0.6334 3 0 1 3 0 0 0 0 0
0.05 0.10 -0.37 -5.31 0.31 0.75 0.7740 -0.0099 -0.0033 -0.6331 3 0 1 3 0 0 0 0 0
0.07 0.06 -0.33 -2.75 0.62 0.19 0.7744 -0.0101 -0.0032 -0.6326 3 0 1 3 0 0 0 0 0
0.04 0.07 -0.37 6.00 3.75 0.06 0.7747 -0.0095 -0.0034 -0.6323 3 0 1 3 0 0 0 0 0
0.08 0.04 -0.30 0.69 0.44 -0.06 0.7748 -0.0096 -0.0032 -0.6321 3 0 1 3 0 0 0 0 0
0.08 0.01 -0.36 -1.81 -0.75 0.37 0.7747 -0.0098 -0.0030 -0.6323 3 0 1 3 0 0 0 0 0
0.05 0.03 -0.40 -0.44 -0.37 0.19 0.7747 -0.0101 -0.0027 -0.6323 3 0 1 3 0 0 0 0 0
0.06 0.04 -0.34 0.81 0.31 -0.13 0.7748 -0.0102 -0.0026 -0.6321 3 0 1 3 0 0 0 0 0
0.07 0.02 -0.31 -0.31 0.00 0.00 0.7748 -0.0103 -0.0025 -0.6321 3 0 1 3 0 0 0 0 0
0.08 0.05 -0.31 -0.50 0.13 0.06 0.7748 -0.0103 -0.0025 -0.6321 3 0 1 3 0 0 0 0 0
0.08 0.04 -0.32 0.06 0.31 0.06 0.7748 -0.0103 -0.0025 -0.6321 3 0 1 3 0 0 0 0 0
0.10 0.06 -0.33 -0.31 -0.19 0.06 0.7747 -0.0103 -0.0025 -0.6322 3 0 1 3 0 0 0 0 0
0.07 0.03 -0.31 0.00 0.00 0.06 0.7734 -0.0103 -0.0025 -0.6339 3 0 1 3 0 0 0 0 0
-0.06 0.06 -0.28 0.44 3.19 29.50 0.7786 -0.0099 -0.0015 -0.6275 3 0 1 3 0 0 0 0 0
0.22 0.39 -0.39 -5.87 6.69 45.75 0.8094 -0.0089 0.0040 -0.5872 3 0 1 3 0 0 0 0 0
0.36 0.19 -0.37 2.50 0.00 12.06 0.8140 -0.0120 0.0053 -0.5806 3 0 1 3 0 0 0 0 0
0.16 -0.05 -0.25 -2.12 0.44 0.00 0.8149 -0.0129 0.0051 -0.5795 3 0 1 3 0 0 0 0 0
0.18 -0.02 -0.32 -1.12 0.31 0.06 0.8148 -0.0134 0.0047 -0.5795 3 0 1 3 0 0 0 0 0
0.22 0.03 -0.28 1.37 -0.50 0.31 0.8145 -0.0136 0.0042 -0.5800 3 0 1 3 0 0 0 0 0
0.23 0.08 -0.34 4.00 -0.31 -0.19 0.8144 -0.0125 0.0028 -0.5801 3 0 1 3 0 0 0 0 0
0.16 0.00 -0.30 0.31 0.06 0.06 0.8145 -0.0118 0.0020 -0.5801 3 0 1 3 0 0 0 0 0
0.17 0.01 -0.32 0.88 0.13 0.19 0.8144 -0.0118 0.0016 -0.5802 3 0 1 3 0 0 0 0 0
0.17 0.05 -0.34 0.62 -0.31 0.06 0.8143 -0.0121 0.0013 -0.5804 3 0 1 3 0 0 0 0 0
0.11 0.01 -0.32 -1.00 0.37 -0.37 0.8141 -0.0128 0.0013 -0.5806 3 0 1 3 0 0 0 0 0
0.14 0.00 -0.30 0.31 0.50 -0.19 0.8140 -0.0134 0.0014 -0.5807 3 0 1 3 0 0 0 0 0
0.14 0.04 -0.34 0.94 -0.75 -1.06 0.8137 -0.0129 0.0006 -0.5811 3 0 1 3 0 0 0 0 0
0.04 0.22 -0.24 16.56 -1.62 -64.94 0.8033 -0.0110 -0.0040 -0.5955 3 0 1 3 0 0 0 0 0
0.01 -0.05 -0.28 -9.00 -0.69 0.19 0.7983 -0.0116 -0.0045 -0.6021 3 0 1 3 0 0 0 0 0
-0.09 0.10 -0.39 4.31 2.37 0.06 0.7981 -0.0108 -0.0050 -0.6025 3 0 1 3 0 0 0 0 0
0.08 0.03 -0.32 -1.19 -0.50 0.13 0.7980 -0.0117 -0.0046 -0.6025 3 0 1 3 0 0 0 0 0
0.04 0.03 -0.38 0.13 0.06 0.00 0.7970 -0.0109 -0.0052 -0.6038 3 0 1 3 0 0 0 0 0
0.04 0.01 -0.34 0.56 0.00 0.06 0.7972 -0.0117 -0.0048 -0.6035 3 0 1 3 0 0 0 0 0
-0.53 -3.30 0.59 -142.81 34.88 -134.50 0.7893 -0.0203 0.0061 -0.6136 3 0 1 3 0 0 0 0 0
0.42 0.04 -0.28 7.19 3.56 -22.44 0.7693 -0.0410 0.0176 -0.6373 3 0 1 3 0 0 0 0 0
-1.60 0.93 -0.22 -38.81 -5.81 -150.56 0.7465 -0.0461 0.0182 -0.6635 3 0 1 3 0 0 0 0 0
-0.36 -0.41 -0.26 -14.75 -24.56 17.56 0.7224 -0.0648 0.0264 -0.6879 3 0 1 3 0 0 0 0 0
-0.24 0.12 -0.19 6.06 -10.06 2.37 0.7300 -0.0697 0.0214 -0.6796 3 0 1 3 0 0 0 0 0
-0.27 -0.36 0.02 -23.00 -32.25 -10.06 0.7285 -0.0914 0.0134 -0.6788 3 0 1 3 0 0 0 0 0
-0.17 0.13 -0.16 -2.87 -14.88 -8.81 0.7224 -0.1180 0.0046 -0.6814 3 0 1 3 0 0 0 0 0
-0.22 0.19 -0.12 -9.63 -12.25 -10.38 0.7214 -0.1259 0.0018 -0.6810 3 0 1 3 0 0 0 0 0
-0.19 0.12 -0.14 2.37 2.37 5.06 0.7222 -0.1309 -0.0007 -0.6792 3 0 1 3 0 0 0 0 0
-0.25 0.12 0.00 52.69 27.87 -0.44 0.7261 -0.1104 0.0012 -0.6787 3 0 1 3 0 0 0 0 0
-0.35 -0.05 -0.29 24.94 6.50 7.06 0.7300 -0.0811 -0.0074 -0.6786 3 0 1 3 0 0 0 0 0
-0.03 0.29 0.15 19.12 9.69 -5.87 0.7307 -0.0663 -0.0142 -0.6793 3 0 1 3 0 0 0 0 0
-0.19 -0.04 -0.37 2.19 -0.44 2.00 0.7318 -0.0629 -0.0162 -0.6784 3 0 1 3 0 0 0 0 0
-0.50 0.04 -0.25 7.62 1.50 1.12 0.7333 -0.0583 -0.0184 -0.6772 3 0 1 3 0 0 0 0 0
-0.07 0.06 -0.29 6.75 2.00 -2.12 0.7326 -0.0522 -0.0209 -0.6783 3 0 1 3 0 0 0 0 0
-0.20 0.06 -0.26 -0.50 -0.31 0.00 0.7329 -0.0522 -0.0214 -0.6780 3 0 1 3 0 0 0 0 0
-0.16 0.03 -0.25 1.25 -2.00 0.62 0.7330 -0.0524 -0.0227 -0.6779 3 0 1 3 0 0 0 0 0
-0.16 0.05 -0.29 -0.69 0.25 -0.37 0.7328 -0.0523 -0.0232 -0.6780 3 0 1 3 0 0 0 0 0
-0.16 0.06 -0.26 0.00 0.37 0.13 0.7338 -0.0520 -0.0232 -0.6770 3 0 1 3 0 0 0 0 0
-0.06 0.06 -0.30 0.50 0.88 -0.56 0.7336 -0.0516 -0.0230 -0.6772 3 0 1 3 0 0 0 0 0
-0.19 0.04 -0.27 0.00 0.75 -0.19 0.7327 -0.0515 -0.0228 -0.6783 3 0 1 3 0 0 0 0 0
-0.16 0.04 -0.26 0.06 -0.56 0.00 0.7328 -0.0510 -0.0226 -0.6781 3 0 1 3 0 0 0 0 0
-0.13 0.05 -0.25 -0.25 0.25 -0.19 0.7326 -0.0505 -0.0224 -0.6784 3 0 1 3 0 0 0 0 0
-0.15 0.05 -0.30 -0.31 0.37 -0.13 0.7322 -0.0504 -0.0223 -0.6789 3 0 1 3 0 0 0 0 0
-0.12 0.03 -0.30 -0.13 0.06 0.06 0.7322 -0.0502 -0.0222 -0.6789 3 0 1 3 0 0 0 0 0
-0.14 0.03 -0.29 -0.25 -0.06 -0.06 0.7323 -0.0499 -0.0221 -0.6788 3 0 1 3 0 0 0 0 0
-0.14 0.05 -0.28 -0.69 -0.31 0.13 0.7324 -0.0498 -0.0220 -0.6787 3 0 1 3 0 0 0 0 0
-0.13 0.05 -0.32 -1.06 -0.75 0.25 0.7322 -0.0504 -0.0215 -0.6789 3 0 1 3 0 0 0 0 0
-0.12 0.04 -0.26 0.00 -0.13 0.31 0.7325 -0.0508 -0.0212 -0.6785 3 0 1 3 0 0 0 0 0
-0.30 0.01 -0.31 0.44 1.00 -1.00 0.7324 -0.0506 -0.0211 -0.6786 3 0 1 3 0 0 0 0 0
-0.12 0.05 -0.28 -0.19 0.25 0.00 0.7321 -0.0499 -0.0208 -0.6791 3 0 1 3 0 0 0 0 0
-0.05 0.04 -0.28 -0.31 1.25 -0.81 0.7315 -0.0489 -0.0201 -0.6797 3 0 1 3 0 0 0 0 0
-0.24 0.02 -0.31 -0.94 -0.50 0.25 0.7309 -0.0483 -0.0189 -0.6805 3 0 1 3 0 0 0 0 0
-0.09 0.03 -0.29 -0.56 -0.13 0.06 0.7303 -0.0481 -0.0186 -0.6812 3 0 1 3 0 0 0 0 0
-0.09 0.08 -0.32 -8.44 0.50 -0.94 0.7301 -0.0486 -0.0176 -0.6814 3 0 1 3 0 0 0 0 0
-0.12 0.04 -0.28 0.44 0.50 0.44 0.7296 -0.0517 -0.0140 -0.6818 3 0 1 3 0 0 0 0 0
-0.10 0.03 -0.23 0.19 -0.13 0.31 0.7296 -0.0515 -0.0140 -0.6818 3 0 1 3 0 0 0 0 0
-0.02 0.09 -0.26 0.44 0.75 -0.31 0.7299 -0.0510 -0.0141 -0.6816 3 0 1 3 0 0 0 0 0
-0.08 0.07 -0.27 -0.25 0.06 0.06 0.7299 -0.0509 -0.0140 -0.6816 3 0 1 3 0 0 0 0 0
-0.10 0.07 -0.28 -0.25 0.19 -0.19 0.7299 -0.0508 -0.0140 -0.6816 3 0 1 3 0 0 0 0 0
-0.09 0.04 -0.28 -0.13 0.00 -0.13 0.7299 -0.0507 -0.0140 -0.6816 3 0 1 3 0 0 0 0 0
-0.12 0.03 -0.27 -0.31 0.00 0.13 0.7299 -0.0507 -0.0139 -0.6816 3 0 1 3 0 0 0 0 0
-0.09 0.03 -0.27 -0.31 -0.13 0.00 0.7299 -0.0506 -0.0139 -0.6816 3 0 1 3 0 0 0 0 0
-0.09 0.04 -0.29 -0.13 0.00 0.06 0.7299 -0.0505 -0.0139 -0.6816 3 0 1 3 0 0 0 0 0
-0.10 0.04 -0.25 -0.37 0.25 -0.13 0.7299 -0.0505 -0.0139 -0.6816 3 0 1 3 0 0 0 0 0
-0.09 0.04 -0.28 -0.37 -0.13 -0.25 0.7299 -0.0507 -0.0137 -0.6816 3 0 1 3 0 0 0 0 0
-0.08 0.05 -0.27 0.81 -0.37 0.37 0.7299 -0.0506 -0.0137 -0.6816 3 3 1 3 0 0 0 0 0
-0.02 0.05 -0.30 1.50 0.00 -0.06 0.7297 -0.0497 -0.0143 -0.6818 3 3 1 3 0 0 0 0 0
-0.09 0.04 -0.25 -0.44 1.00 -0.37 0.7297 -0.0495 -0.0142 -0.6818 3 3 1 3 0 0 0 0 0
-0.08 0.06 -0.27 2.56 1.31 -0.31 0.7297 -0.0491 -0.0138 -0.6819 3 3 1 3 0 0 0 0 0
0.11 0.02 -0.28 33.94 8.13 -19.44 0.7258 -0.0358 -0.0202 -0.6866 3 3 1 3 0 0 0 0 0
-0.32 -0.22 -0.15 -19.81 27.62 149.00 0.7354 -0.0165 -0.0067 -0.6774 3 3 1 3 0 0 0 0 0
0.10 -0.01 -0.29 -2.69 -2.00 0.56 0.7545 -0.0159 -0.0052 -0.6561 3 3 1 3 0 0 0 0 0
0.00 0.05 -0.32 2.25 -0.06 -0.06 0.7545 -0.0148 -0.0057 -0.6561 3 3 1 3 0 0 0 0 0
0.00 -0.02 -0.30 0.25 0.44 0.13 0.7544 -0.0155 -0.0053 -0.6562 3 3 1 3 0 0 0 0 0
-0.01 0.02 -0.30 -0.69 -0.25 0.06 0.7543 -0.0149 -0.0056 -0.6563 3 3 1 3 0 0 0 0 0
0.00 0.01 -0.32 1.69 0.19 0.06 0.7543 -0.0150 -0.0056 -0.6563 3 3 1 3 0 0 0 0 0
0.00 -0.01 -0.30 -0.69 -0.13 0.13 0.7545 -0.0150 -0.0056 -0.6561 3 3 1 3 0 0 0 0 0
0.00 0.01 -0.32 0.13 0.06 -0.06 0.7545 -0.0147 -0.0058 -0.6561 3 3 1 3 0 0 0 0 0
-0.01 0.00 -0.29 1.44 0.06 0.56 0.7546 -0.0147 -0.0058 -0.6560 3 3 1 3 0 0 0 0 0
0.02 0.00 -0.31 1.62 -0.37 0.44 0.7546 -0.0143 -0.0062 -0.6560 3 3 1 3 0 0 0 0 0
0.00 -0.05 -0.33 -0.19 0.13 0.06 0.7546 -0.0143 -0.0061 -0.6561 3 3 1 3 0 0 0 0 0
0.00 -0.02 -0.30 -0.31 0.13 0.00 0.7546 -0.0142 -0.0062 -0.6559 3 3 1 3 0 0 0 0 0
-0.01 0.00 -0.32 0.37 0.25 0.00 0.7548 -0.0140 -0.0063 -0.6558 3 3 1 3 0 0 0 0 0
0.01 -0.01 -0.29 1.94 0.00 0.00 0.7548 -0.0139 -0.0064 -0.6558 3 3 1 3 0 0 0 0 0
0.00 -0.01 -0.31 0.37 0.00 -0.06 0.7550 -0.0139 -0.0065 -0.6555 3 3 1 3 0 0 0 0 0
0.00 -0.02 -0.31 0.81 0.00 0.19 0.7550 -0.0137 -0.0066 -0.6555 3 3 1 3 0 0 0 0 0
-0.03 0.00 -0.31 0.94 0.06 0.13 0.7551 -0.0135 -0.0067 -0.6554 3 3 1 3 0 0 0 0 0
0.00 0.00 -0.28 0.62 -0.13 0.00 0.7551 -0.0135 -0.0068 -0.6554 3 3 1 3 0 0 0 0 0
0.00 -0.02 -0.33 0.25 0.00 0.13 0.7551 -0.0135 -0.0068 -0.6554 3 3 1 3 0 0 0 0 0
0.00 -0.04 -0.31 0.13 0.06 0.06 0.7551 -0.0135 -0.0068 -0.6554 3 3 1 3 0 0 0 0 0
0.00 0.00 -0.34 0.37 0.00 0.19 0.7551 -0.0135 -0.0068 -0.6555 3 3 1 3 0 0 0 0 0
0.00 -0.01 -0.34 0.37 0.19 0.06 0.7554 -0.0135 -0.0068 -0.6551 3 3 1 3 0ets Jun  8 2016 00:22:57

rst:0x1 (POWERON_RESET),boot:0x13 (SPI_FAST_FLASH_BOOT)
configsip: 0, SPIWP:0xee
clk_drv:0x00,q_drv:0x00,d_drv:0x00,cs0_drv:0x00,hd_drv:0x00,wp_drv:0x00
mode:DIO, clock div:1
load:0x3fff0018,len:4
load:0x3fff001c,len:1044
load:0x40078000,len:8896
load:0x40080400,len:5816
entry 0x400806ac
Orientation Sensor Test

accel_x accel_y accel_z gyro_x gyro_y gyro_z qW qX qY qZ Cal_sys Cal_gyro Cal_accel Cal_mag FSR0 FSR1 FSR2 FSR3 FSR4
-0.01 -0.02 -0.38 0.00 0.06 -0.13 0.9999 -0.0053 -0.0143 0.0000 0 3 0 0 0 0 0 0 0
-0.01 -0.02 -0.35 0.06 -0.06 0.13 0.9999 -0.0053 -0.0143 0.0000 0 3 0 0 0 0 0 0 0
-0.01 -0.02 -0.35 0.00 0.06 -0.06 0.9999 -0.0053 -0.0143 0.0000 0 3 0 0 0 0 0 0 0
-0.01 0.00 -0.34 0.13 -0.06 0.06 0.9999 -0.0053 -0.0143 0.0000 0 3 0 0 0 0 0 0 0
-0.01 -0.02 -0.39 0.06 -0.13 -0.06 0.9999 -0.0053 -0.0143 0.0000 0 3 0 0 0 0 0 0 0
-0.01 -0.02 -0.39 0.06 -0.06 0.00 0.9999 -0.0053 -0.0143 0.0000 0 3 0 0 0 0 0 0 0
0.00 -0.01 -0.36 0.00 0.06 0.00 0.9999 -0.0053 -0.0143 0.0000 0 3 0 0 0 0 0 0 0
0.84 -7.80 -1.10 7.25 7.12 -4.00 0.9998 0.0152 -0.0063 -0.0161 0 3 0 0 0 0 0 0 0
-1.48 3.43 -1.93 -54.63 34.50 59.19 0.9918 0.0714 -0.0292 -0.1017 0 3 0 0 0 0 0 0 0
0.24 -0.40 -0.45 71.44 -9.56 18.62 0.9958 -0.0179 -0.0206 -0.0878 0 3 0 0 0 0 0 0 0
-0.19 0.07 -0.38 -0.81 -0.62 -0.06 0.9959 -0.0067 -0.0202 -0.0878 0 3 0 0 0 0 0 0 0
4.97 -7.60 -0.03 33.31 -19.12 -4.87 0.9957 -0.0042 -0.0236 -0.0892 0 3 0 0 0 0 0 0 0
1.46 -1.97 -1.44 -126.31 -68.87 -170.19 0.9844 -0.0095 -0.0845 -0.1544 0 3 0 0 0 0 0 0 0
0.65 -0.35 -0.09 -2.81 18.44 163.12 0.9895 -0.0156 -0.0491 -0.1349 0 3 0 0 0 0 0 0 0
1.57 -0.23 0.40 16.50 -2.94 91.06 0.9993 -0.0081 -0.0251 -0.0255 0 3 0 0 0 0 0 0 0
0.02 -0.76 1.45 -89.50 -182.31 -88.94 0.9897 -0.0601 -0.1196 -0.0497 0 3 0 0 0 0 0 0 0
-1.86 -1.58 5.11 -141.81 -140.87 -22.12 0.9601 -0.1382 -0.2281 -0.0842 0 3 0 0 0 0 0 0 0
-1.61 5.28 3.59 -414.75 -173.75 -2.37 0.8762 -0.3595 -0.2999 -0.1141 0 3 0 1 0 0 0 0 0
2.55 5.97 3.00 -508.19 -154.44 150.87 0.6986 -0.6264 -0.3235 -0.1224 0 3 0 1 0 0 0 0 0
-0.65 7.05 4.83 -527.69 -124.62 43.69 0.4248 -0.8360 -0.3066 -0.1632 0 3 0 1 0 0 0 0 0
0.11 3.90 0.25 -443.31 -76.50 -47.31 0.1207 -0.9349 -0.2626 -0.2061 0 3 0 1 0 0 0 0 0
3.22 0.87 -2.42 -174.37 9.56 103.69 -0.0431 -0.9544 -0.1655 -0.2446 0 3 0 1 0 0 0 0 0
1.23 -2.29 -0.86 11.00 18.81 104.25 -0.0615 -0.9557 -0.1110 -0.2656 0 3 0 1 0 0 0 0 0
-0.04 -2.62 -0.42 244.19 198.81 216.44 0.0743 -0.9398 -0.0524 -0.3295 0 3 0 1 0 0 0 0 0
-3.55 -0.26 0.70 312.62 257.25 255.50 0.2908 -0.8475 0.0586 -0.4402 0 3 0 1 0 0 0 0 0
-2.76 -1.22 -0.02 420.44 278.19 270.25 0.5011 -0.6693 0.1371 -0.5312 0 3 0 2 0 0 0 0 0
-1.69 -4.39 3.07 697.00 366.19 204.62 0.7757 -0.1807 0.1288 -0.5908 0 3 0 2 0 0 0 0 0
0.08 -10.31 5.51 742.75 472.25 139.94 0.7645 0.3918 0.0450 -0.5099 0 3 0 3 0 0 0 0 0
1.51 -1.54 2.00 238.06 260.44 214.94 0.7068 0.6396 0.0665 -0.2947 0 3 0 3 0 0 0 0 0
3.37 -4.07 -0.68 180.81 173.56 217.00 0.6327 0.7659 0.0422 -0.1063 0 3 0 3 0 0 0 0 0
0.64 -3.64 0.02 172.06 165.25 248.12 0.5283 0.8436 -0.0314 0.0910 0 3 0 3 0 0 0 0 0
1.76 -4.74 -0.44 11.69 138.69 155.62 0.4663 0.8490 -0.0827 0.2344 0 3 0 3 0 0 0 0 0
2.47 0.85 -1.01 30.87 132.19 133.44 0.4468 0.8143 -0.1307 0.3468 0 3 0 3 0 0 0 0 0
1.88 -2.81 -3.03 -31.44 78.25 74.31 0.4114 0.7839 -0.1509 0.4398 0 3 0 3 0 0 0 0 0
1.20 -3.16 -0.89 -119.31 37.00 -6.75 0.4443 0.7421 -0.1830 0.4673 0 3 0 3 0 0 0 0 0
2.16 -1.07 -0.78 -349.19 -76.50 -67.50 0.6851 0.3058 -0.6497 -0.1230 0 3 0 3 0 0 0 0 0
-0.60 1.25 -2.58 -212.19 -54.19 -8.44 0.6990 0.1813 -0.6432 -0.2545 0 3 0 3 0 0 0 0 0
-0.67 0.63 0.05 -366.06 -102.19 -69.81 0.6691 0.0542 -0.6140 -0.4152 0 3 0 3 0 0 0 0 0
-0.22 2.63 0.43 -488.94 -144.50 82.94 0.6164 -0.1939 -0.4987 -0.5777 0 3 0 3 0 0 0 0 0
2.15 4.16 0.91 -396.37 -217.75 368.37 0.4847 -0.5048 -0.3674 -0.6126 0 3 0 3 0 0 0 0 0
-2.72 7.47 -1.48 -512.87 -90.62 324.00 0.4330 -0.7199 -0.0758 -0.5371 0 3 0 3 0 0 0 0 0
2.74 1.20 -2.78 -323.12 127.06 149.44 0.2805 -0.8206 0.1704 -0.4678 2 3 0 3 0 0 0 0 0
-0.76 0.69 -1.50 -202.75 -275.62 143.12 0.1780 -0.8826 0.2894 -0.3248 2 3 0 3 0 0 0 0 0
0.30 -0.11 2.38 -63.38 -28.94 126.87 0.1627 -0.8633 0.3950 -0.2689 2 3 0 3 0 0 0 0 0
0.61 -2.85 0.93 -37.00 66.19 85.87 0.1406 -0.8353 0.4647 -0.2581 2 3 0 3 0 0 0 0 0
-0.69 -3.46 -0.70 133.94 164.06 94.56 0.1471 -0.7703 0.5223 -0.3348 3 3 0 3 0 0 0 0 0
-0.53 -3.31 -1.22 169.25 288.00 30.62 0.1445 -0.6553 0.5258 -0.5228 3 3 0 3 0 0 0 0 0
-0.77 -3.20 -1.49 442.25 321.50 115.37 0.1755 -0.4294 0.4643 -0.7545 3 3 0 3 0 0 0 0 0
0.28 -4.53 -2.51 502.19 154.62 220.50 0.3260 -0.1587 0.2345 -0.9020 3 3 0 3 0 0 0 0 0
-0.11 -2.28 -2.68 522.31 77.50 145.81 0.4305 0.0251 0.0005 -0.9022 3 3 0 3 0 0 0 0 0
0.11 -2.33 0.65 528.44 43.06 154.19 0.4633 0.1848 -0.3212 -0.8050 3 3 0 3 0 0 0 0 0
0.84 -1.67 0.18 413.81 163.19 145.62 0.5108 0.3358 -0.5266 -0.5908 2 3 0 3 0 0 0 0 0
0.87 -3.33 -0.84 323.94 118.81 121.44 0.5042 0.4532 -0.6277 -0.3825 2 3 0 3 0 0 0 0 0
0.41 -3.85 -1.13 122.56 49.25 29.37 0.4814 0.5141 -0.6731 -0.2256 2 3 0 3 0 0 0 0 0
-0.11 -4.27 -1.73 76.56 54.88 82.50 0.4761 0.5235 -0.6912 -0.1467 2 3 0 3 0 0 0 0 0
2.38 -2.94 1.12 -158.12 67.19 48.81 0.5461 0.4687 -0.6779 -0.1500 2 3 0 3 0 0 0 0 0
0.83 -1.13 0.73 -220.25 98.12 -31.06 0.6268 0.4146 -0.6315 -0.1911 2 3 0 3 0 0 0 0 0
1.18 -0.53 -1.92 -188.56 44.13 -79.12 0.7047 0.3488 -0.5452 -0.2906 3 3 0 3 0 0 0 0 0
0.91 1.16 -1.63 -285.44 25.37 -132.25 0.7393 0.2775 -0.4612 -0.4046 3 3 0 3 0 0 0 0 0
0.99 3.08 0.76 -409.75 -161.81 -128.19 0.7197 0.1131 -0.3476 -0.5902 3 3 0 3 0 0 0 0 0
-0.58 4.43 -0.60 -399.69 -126.12 -147.81 0.6285 -0.1174 -0.2334 -0.7326 3 3 0 3 0 0 0 0 0
0.12 2.67 -1.57 -329.31 41.75 51.31 0.5793 -0.2123 -0.0720 -0.7837 3 3 0 3 0 0 0 0 0
0.28 2.20 -2.41 -464.56 -49.69 42.94 0.5423 -0.3560 0.1603 -0.7440 3 3 0 3 0 0 0 0 0
0.56 1.42 -1.34 -505.87 -114.94 105.62 0.4165 -0.5881 0.4158 -0.5547 3 3 0 3 0 0 0 0 0
1.98 -5.69 -2.45 -323.06 -138.81 52.31 0.2837 -0.7005 0.5471 -0.3597 2 3 0 3 0 0 0 0 0
0.42 -1.53 0.82 -117.44 -116.87 122.62 0.2754 -0.7094 0.6018 -0.2426 2 3 0 3 0 0 0 0 0
0.82 0.01 2.17 -3.94 -47.50 144.50 0.3062 -0.6714 0.6581 -0.1496 2 3 0 3 0 0 0 0 0
0.51 -0.06 1.73 -34.69 -13.88 159.94 0.3157 -0.6081 0.7214 -0.1005 2 3 0 3 0 0 0 0 0
-0.84 -0.94 0.00 -16.87 55.69 167.62 0.3011 -0.5337 0.7872 -0.0703 2 3 0 3 0 0 0 0 0
-0.31 -2.10 -0.96 60.63 232.12 87.69 0.2402 -0.4521 0.8511 -0.1166 2 3 0 3 0 0 0 0 0
-1.43 -3.83 -2.60 198.50 288.00 20.19 0.1319 -0.3864 0.8795 -0.2445 3 3 0 3 0 0 0 0 0
-1.85 -5.17 -4.50 486.62 74.94 123.69 0.1320 -0.2846 0.8184 -0.4815 3 3 0 3 0 0 0 0 0
-0.62 -1.69 -1.50 488.56 -119.56 84.25 0.3058 -0.2085 0.5911 -0.7166 3 3 0 3 0 0 0 0 0
0.24 -0.54 -3.16 589.25 -81.62 122.75 0.4567 -0.0403 0.2217 -0.8606 3 3 0 3 0 0 0 0 0
-0.12 -4.04 -2.47 812.62 22.87 79.56 0.4737 0.2048 -0.2607 -0.8159 3 3 0 3 0 0 0 0 0
1.01 -4.16 -3.98 563.94 210.69 244.00 0.4394 0.4149 -0.5908 -0.5346 2 3 0 3 0 0 0 0 0
-1.31 -4.03 1.43 177.44 126.81 68.37 0.4418 0.4886 -0.6954 -0.2874 2 3 0 3 0 0 0 0 0
2.43 -2.18 -2.40 101.00 165.12 109.44 0.4894 0.5071 -0.6947 -0.1440 2 3 0 3 0 0 0 0 0
1.06 -2.32 0.39 66.37 154.62 29.44 0.5412 0.5131 -0.6649 -0.0437 2 3 0 3 0 0 0 0 0
2.50 -1.86 -2.92 -6.37 121.19 -25.50 0.6024 0.5084 -0.6151 0.0152 2 3 0 3 0 0 0 0 0
1.88 -2.76 -2.12 -318.94 44.75 -120.37 0.6934 0.4626 -0.5493 -0.0593 2 3 0 3 0 0 0 0 0
0.66 -1.70 -1.53 -318.87 -37.25 -51.00 0.7717 0.3369 -0.5034 -0.1937 3 3 0 3 0 0 0 0 0
2.61 2.81 -1.62 -402.37 -116.87 26.56 0.7963 0.1129 -0.4655 -0.3696 3 3 0 3 0 0 0 0 0
6.71 11.01 -3.40 -782.44 137.56 88.12 0.8247 -0.1570 -0.2972 -0.4548 3 3 0 3 0 0 0 0 0
5.40 7.03 -7.77 -791.75 167.94 330.50 0.7019 -0.5564 0.1409 -0.4218 3 3 0 3 0 0 0 0 0
-2.60 2.93 -6.90 -296.50 27.44 214.37 0.5245 -0.7159 0.3913 -0.2435 3 3 0 3 0 0 0 0 0
-1.08 0.68 -1.10 -130.50 -4.87 61.38 0.4537 -0.7271 0.4757 -0.1977 3 3 0 3 0 0 0 0 0
1.55 -4.59 0.57 52.25 109.19 -19.37 0.4247 -0.7316 0.4951 -0.1984 3 3 0 3 0 0 0 0 0
-1.26 -9.10 -5.21 512.44 387.87 -63.25 0.4453 -0.6240 0.5029 -0.3991 3 3 0 3 0 0 0 0 0
-0.83 -11.64 -13.05 1127.63 353.56 -10.13 0.5283 -0.0958 0.2205 -0.8143 2 3 0 3 0 0 0 0 0
2.19 -8.49 -8.39 668.19 173.06 104.56 0.4995 0.3047 -0.2003 -0.7858 2 3 0 3 0 0 0 0 0
2.53 -0.81 -2.83 208.00 99.06 175.50 0.4844 0.4940 -0.4200 -0.5872 2 3 0 3 0 0 0 0 0
4.57 5.05 3.31 -20.06 92.87 170.94 0.5411 0.5187 -0.5036 -0.4296 2 3 0 3 0 0 0 0 0
1.59 0.18 1.42 -149.81 13.25 105.94 0.6110 0.4675 -0.5032 -0.3937 2 3 0 3 0 0 0 0 0
3.21 5.33 3.22 -680.50 -12.81 -75.44 0.7126 0.3154 -0.3776 -0.5001 2 3 0 3 0 0 0 0 0
2.46 9.75 0.52 -776.87 -117.87 104.12 0.7458 -0.0962 -0.1191 -0.6483 2 3 0 3 0 0 0 0 0
2.59 9.56 -6.39 -789.44 141.94 283.62 0.7142 -0.4103 0.2387 -0.5144 2 3 0 3 0 0 0 0 0
2.68 5.07 -5.25 -339.69 209.69 101.81 0.5259 -0.5556 0.5522 -0.3314 1 3 0 3 0 0 0 0 0
1.45 -0.99 -3.37 -158.69 131.75 47.88 0.4058 -0.5485 0.6585 -0.3174 1 3 0 3 0 0 0 0 0
-0.11 -3.45 -1.60 -97.00 52.13 51.00 0.3271 -0.5344 0.7289 -0.2758 1 3 0 3 0 0 0 0 0
-2.08 -8.02 -3.24 92.87 98.75 125.81 0.3038 -0.4662 0.7776 -0.2927 1 3 0 3 0 0 0 0 0
0.49 -1.86 -18.36 841.50 -115.12 164.62 0.4763 -0.2678 0.6708 -0.5015 1 3 0 3 0 0 0 0 0
4.93 -2.19 -16.60 768.44 -99.00 152.00 0.6349 0.0942 0.2229 -0.7338 1 3 0 3 0 0 0 0 0
2.71 7.04 -5.67 253.75 -41.06 116.00 0.6367 0.2798 -0.0582 -0.7162 2 3 0 3 0 0 0 0 0
2.64 3.44 1.82 -18.75 -106.19 -6.25 0.6545 0.2095 -0.1095 -0.7181 2 3 0 3 0 0 0 0 0
4.18 0.84 4.19 -220.50 -137.75 -79.62 0.6306 0.0663 -0.0893 -0.7681 2 3 0 3 0 0 0 0 0
0.11 -0.28 -0.84 -113.81 -11.13 -58.44 0.5736 -0.0358 -0.0020 -0.8184 2 3 0 3 0 0 0 0 0
0.04 -1.85 -0.53 -1.87 36.88 -26.00 0.5669 -0.0355 0.0604 -0.8208 2 3 0 3 0 0 0 0 0
2.66 5.95 2.18 300.25 96.06 82.81 0.6008 0.0257 0.0268 -0.7985 2 3 0 3 0 0 0 0 0
1.11 -2.23 -3.32 223.87 224.87 681.56 0.7816 0.2005 -0.1116 -0.5800 2 3 0 3 0 0 0 0 0
2.14 -1.51 -0.94 80.81 4.06 -50.50 0.8766 0.1689 -0.0719 -0.4449 2 3 0 3 0 0 0 0 0
0.51 -1.53 -0.49 8.88 8.13 24.81 0.8115 0.1639 -0.0828 -0.5547 2 3 0 3 0 0 0 0 0
0.73 -1.57 -0.10 -2.25 -0.50 0.44 0.8225 0.1626 -0.0801 -0.5391 3 3 0 3 0 0 0 0 0
0.32 -0.80 -0.42 0.19 0.00 0.13 0.8307 0.1185 -0.0750 -0.5388 3 3 0 3 0 0 0 0 0
0.14 -0.49 -0.49 0.06 0.25 -0.19 0.8336 0.0991 -0.0726 -0.5386 3 3 0 3 0 0 0 0 0
0.12 -0.39 -0.55 -0.88 -0.19 0.13 0.8326 0.0926 -0.0721 -0.5413 3 3 0 3 0 0 0 0 0
0.06 -0.27 -0.55 0.37 0.19 -0.06 0.8322 0.0895 -0.0720 -0.5426 3 3 0 3 0 0 0 0 1328
0.07 -0.30 -0.56 0.00 0.06 -0.06 0.8309 0.0887 -0.0720 -0.5445 3 3 0 3 0 0 0 0 1878
0.06 -0.26 -0.55 0.62 0.25 -0.06 0.8300 0.0880 -0.0721 -0.5461 3 3 0 3 0 0 0 0 2306
0.05 -0.25 -0.57 1.00 0.25 -0.19 0.8289 0.0874 -0.0723 -0.5479 3 3 0 3 0 0 0 0 2677
0.04 -0.27 -0.56 0.31 0.19 -0.13 0.8273 0.0867 -0.0724 -0.5503 3 3 0 3 0 0 0 0 2955
0.04 -0.27 -0.53 -1.12 -0.13 0.06 0.8261 0.0862 -0.0726 -0.5521 3 3 0 3 0 0 0 0 3184
0.05 -0.24 -0.57 0.62 0.06 -0.06 0.8239 0.0856 -0.0729 -0.5555 3 3 0 3 0 0 0 0 3271
0.02 -0.25 -0.54 0.25 0.13 -0.13 0.8225 0.0851 -0.0731 -0.5576 3 3 0 3 0 0 0 0 3299
0.04 -0.22 -0.55 0.25 0.13 -0.06 0.8223 0.0847 -0.0731 -0.5580 3 3 0 3 0 0 0 0 3295
0.04 -0.14 -0.08 0.44 0.13 0.06 0.8210 0.0844 -0.0732 -0.5598 3 3 1 3 0 0 0 0 3375
0.05 -0.17 0.00 -0.62 -0.25 -0.06 0.8199 0.0839 -0.0732 -0.5616 3 3 1 3 0 0 0 0 3499
0.05 -0.11 -0.03 -0.06 -0.06 -0.06 0.8190 0.0835 -0.0733 -0.5629 3 3 1 3 0 0 0 0 3633
0.07 -0.14 -0.01 0.00 0.25 0.13 0.8179 0.0831 -0.0735 -0.5645 3 3 1 3 0 0 0 0 3711
0.05 -0.16 0.01 -0.69 -0.06 0.13 0.8179 0.0830 -0.0734 -0.5646 3 3 1 3 0 0 0 0 3727
0.07 -0.14 -0.04 0.00 0.00 0.13 0.8158 0.0828 -0.0738 -0.5676 3 3 1 3 0 0 0 0 3775
0.05 -0.12 -0.02 0.31 0.13 0.06 0.8156 0.0828 -0.0738 -0.5679 3 3 1 3 0 0 0 0 3747
0.05 -0.11 -0.01 -0.31 -0.19 0.00 0.8145 0.0826 -0.0740 -0.5695 3 3 1 3 0 0 0 0 3203
0.06 -0.15 -0.02 0.06 -0.19 0.13 0.8137 0.0825 -0.0741 -0.5707 3 3 1 3 0 0 0 0 618
0.06 -0.12 -0.03 0.19 -0.13 0.06 0.8135 0.0825 -0.0741 -0.5708 3 3 1 3 0 0 0 0 0
0.04 -0.16 -0.02 0.06 0.06 -0.06 0.8134 0.0825 -0.0741 -0.5711 3 3 1 3 0 0 0 0 0
0.03 -0.12 -0.01 0.13 0.13 0.06 0.8131 0.0824 -0.0741 -0.5715 3 3 1 3 0 0 0 0 0
0.05 -0.14 0.00 -0.25 0.13 0.06 0.8132 0.0824 -0.0741 -0.5714 3 3 1 3 0 0 0 0 0
0.07 -0.15 -0.03 -0.31 -0.13 0.13 0.8129 0.0824 -0.0742 -0.5717 3 3 1 3 0 0 0 0 0
0.04 -0.14 -0.01 0.00 0.06 0.06 0.8127 0.0823 -0.0742 -0.5721 3 3 1 3 0 0 0 0 0
0.05 -0.12 -0.01 -0.13 -0.13 -0.06 0.8126 0.0823 -0.0742 -0.5721 3 3 1 3 0 0 0 0 0
0.05 -0.14 -0.02 0.19 -0.19 0.06 0.8122 0.0823 -0.0743 -0.5728 3 3 1 3 0 0 0 0 0
0.03 -0.15 -0.02 0.50 -0.06 -0.06 0.8118 0.0823 -0.0743 -0.5733 3 3 1 3 0 0 0 0 0
0.03 -0.12 -0.03 0.69 0.37 -0.06 0.8118 0.0823 -0.0744 -0.5733 3 3 1 3 0 0 0 0 0
0.03 -0.06 -0.09 1.37 0.44 -0.13 0.8118 0.0825 -0.0745 -0.5733 3 3 1 3 0 0 0 0 0
0.05 -0.11 -0.07 1.12 0.37 -0.19 0.8118 0.0824 -0.0745 -0.5733 3 3 1 3 0 0 0 0 0
0.05 -0.11 -0.06 -0.25 0.00 0.06 0.8118 0.0823 -0.0744 -0.5733 3 3 1 3 0 0 0 0 0
0.04 -0.09 -0.05 0.50 0.13 -0.06 0.8118 0.0822 -0.0744 -0.5733 3 3 1 3 0 0 0 2160 0
0.03 -0.09 -0.06 1.19 0.50 -0.19 0.8118 0.0825 -0.0745 -0.5733 3 3 1 3 0 0 0 2785 0
0.06 -0.14 -0.03 2.81 0.69 -0.31 0.8118 0.0825 -0.0744 -0.5733 3 3 1 3 0 0 0 3199 0
0.03 -0.11 -0.02 -0.50 -0.13 0.06 0.8118 0.0822 -0.0743 -0.5733 3 3 1 3 0 0 0 3443 0
0.03 -0.13 -0.05 0.00 0.06 -0.06 0.8118 0.0822 -0.0743 -0.5733 3 3 1 3 0 0 0 3607 0
0.06 -0.12 -0.04 0.44 0.13 -0.06 0.8118 0.0822 -0.0742 -0.5733 3 3 1 3 0 0 0 3675 0
0.05 -0.14 -0.03 0.19 0.06 -0.19 0.8118 0.0822 -0.0742 -0.5733 3 3 1 3 0 0 0 3727 0
0.06 -0.11 -0.06 0.44 0.19 -0.06 0.8118 0.0822 -0.0742 -0.5733 3 3 1 3 0 0 0 3759 0
0.05 -0.11 -0.01 -0.37 0.06 0.06 0.8118 0.0822 -0.0742 -0.5733 3 3 1 3 0 0 0 3239 0
0.04 -0.11 -0.03 -0.19 0.19 -0.06 0.8118 0.0820 -0.0742 -0.5733 3 3 1 3 0 0 0 916 0
0.07 -0.14 0.00 -0.88 -0.25 0.25 0.8118 0.0820 -0.0742 -0.5733 3 3 1 3 0 0 0 0 0
0.07 -0.13 -0.04 0.13 0.13 0.00 0.8118 0.0820 -0.0742 -0.5733 3 3 1 3 0 0 0 0 0
0.05 -0.13 0.00 -0.62 -0.13 0.00 0.8118 0.0820 -0.0741 -0.5734 3 3 1 3 0 0 0 0 0
0.07 -0.12 -0.04 0.00 0.00 0.00 0.8118 0.0820 -0.0741 -0.5734 3 3 1 3 0 0 0 0 0
0.05 -0.13 -0.01 -1.00 -0.50 0.25 0.8118 0.0818 -0.0740 -0.5734 3 3 1 3 0 0 0 0 0
0.07 -0.14 -0.02 -0.81 0.00 0.06 0.8118 0.0818 -0.0740 -0.5734 3 3 1 3 0 0 0 0 0
0.06 -0.14 0.00 0.06 0.00 0.00 0.8118 0.0818 -0.0740 -0.5734 3 3 1 3 0 0 0 0 0
0.03 -0.13 -0.05 0.37 0.13 0.00 0.8118 0.0818 -0.0740 -0.5734 3 3 1 3 0 0 0 0 0
0.07 -0.20 0.04 -2.00 -0.56 0.31 0.8118 0.0818 -0.0740 -0.5734 3 3 1 3 0 0 2153 0 0
0.06 -0.14 0.00 0.19 0.19 -0.06 0.8118 0.0817 -0.0739 -0.5734 3 3 1 3 0 0 3343 0 0
0.05 -0.14 -0.02 0.56 0.13 -0.06 0.8119 0.0817 -0.0739 -0.5734 3 3 1 3 0 0 3663 0 0
0.03 -0.10 -0.06 0.44 0.25 0.06 0.8118 0.0817 -0.0739 -0.5734 3 3 1 3 0 0 3795 0 0
0.03 -0.15 -0.02 -0.50 -0.19 0.06 0.8118 0.0816 -0.0740 -0.5734 3 3 1 3 0 0 3879 0 0
0.06 -0.16 -0.03 -0.19 0.13 0.06 0.8118 0.0818 -0.0741 -0.5734 3 3 1 3 0 0 3947 0 0
0.05 -0.13 0.00 -0.50 -0.31 0.06 0.8118 0.0818 -0.0741 -0.5734 3 3 1 3 0 0 3981 0 0
0.05 -0.14 -0.03 0.06 -0.06 0.00 0.8118 0.0817 -0.0740 -0.5734 3 3 1 3 0 0 3949 0 0
0.07 -0.16 0.02 -1.06 -0.25 0.13 0.8118 0.0817 -0.0740 -0.5734 3 3 1 3 0 0 3839 0 0
0.05 -0.14 0.00 0.50 0.13 -0.06 0.8118 0.0817 -0.0740 -0.5734 3 3 1 3 0 0 3047 0 0
0.04 -0.12 -0.04 0.56 0.31 -0.06 0.8118 0.0817 -0.0740 -0.5734 3 3 1 3 0 0 0 0 0
0.06 -0.14 0.00 -0.13 -0.13 0.13 0.8118 0.0817 -0.0740 -0.5734 3 3 1 3 0 0 0 0 0
0.06 -0.12 -0.02 0.56 0.19 -0.06 0.8119 0.0815 -0.0739 -0.5734 3 3 1 3 0 0 0 0 0
0.03 -0.12 -0.06 0.13 -0.06 -0.13 0.8119 0.0815 -0.0739 -0.5734 3 3 1 3 0 0 0 0 0
0.05 -0.12 -0.02 0.44 0.06 -0.13 0.8119 0.0815 -0.0739 -0.5734 3 3 1 3 0 0 0 0 0
0.06 -0.15 -0.02 0.00 -0.06 0.00 0.8119 0.0815 -0.0739 -0.5734 3 3 1 3 0 0 0 0 0
0.06 -0.12 -0.03 0.19 0.13 0.00 0.8119 0.0815 -0.0739 -0.5734 3 3 1 3 0 0 0 0 0
0.05 -0.12 0.01 -0.06 -0.31 0.06 0.8119 0.0815 -0.0739 -0.5734 3 3 1 3 0 0 0 0 0
0.04 -0.12 0.00 -0.06 -0.06 -0.06 0.8119 0.0815 -0.0739 -0.5734 3 3 1 3 0 0 0 0 0
0.04 -0.13 -0.01 0.00 0.13 0.06 0.8119 0.0815 -0.0739 -0.5734 3 3 1 3 0 0 0 0 0
0.03 -0.11 -0.05 0.75 0.31 -0.13 0.8119 0.0815 -0.0739 -0.5734 3 3 1 3 0 0 0 0 0
0.05 -0.19 0.00 0.06 0.19 -0.06 0.8119 0.0815 -0.0739 -0.5734 3 3 1 3 0 0 0 0 0
0.07 -0.18 0.00 -4.62 -1.06 0.50 0.8119 0.0812 -0.0737 -0.5734 3 3 1 3 0 1904 0 0 0
0.06 -0.13 -0.03 0.06 0.13 0.00 0.8119 0.0811 -0.0736 -0.5734 3 3 1 3 0 2906 0 0 0
0.06 -0.18 0.00 -0.81 -0.06 0.19 0.8119 0.0811 -0.0736 -0.5734 3 3 1 3 0 3367 0 0 0
0.05 -0.14 0.00 -1.12 -0.13 0.50 0.8120 0.0806 -0.0733 -0.5733 3 3 1 3 0 3647 0 0 0
0.11 -0.20 0.06 1.44 2.50 8.13 0.8181 0.0794 -0.0707 -0.5651 3 3 1 3 0 3799 0 0 0
0.07 -0.12 -0.04 0.13 0.13 0.00 0.8188 0.0798 -0.0707 -0.5641 3 3 1 3 0 3890 0 0 0
0.08 -0.14 0.01 -0.25 0.06 0.00 0.8188 0.0798 -0.0707 -0.5641 3 3 1 3 0 3931 0 0 0
0.08 -0.16 -0.01 -0.19 -0.19 0.06 0.8188 0.0798 -0.0707 -0.5641 3 3 1 3 0 3665 0 0 0
0.07 -0.14 0.00 0.56 0.19 0.00 0.8188 0.0799 -0.0707 -0.5641 3 3 1 3 0 1329 0 0 0
0.06 -0.12 -0.03 0.62 0.13 -0.13 0.8188 0.0800 -0.0707 -0.5641 3 3 1 3 0 0 0 0 0
0.07 -0.13 -0.06 0.81 0.25 0.00 0.8188 0.0801 -0.0708 -0.5640 3 3 1 3 0 0 0 0 0
0.08 -0.14 -0.01 -0.06 -0.06 0.13 0.8188 0.0801 -0.0708 -0.5640 3 3 1 3 0 0 0 0 0
0.08 -0.18 0.03 -0.56 0.00 0.13 0.8188 0.0800 -0.0708 -0.5640 3 3 1 3 0 0 0 0 0
0.04 -0.05 -0.12 2.75 0.81 0.19 0.8188 0.0806 -0.0709 -0.5640 3 3 1 3 0 0 0 0 0
0.09 -0.21 0.04 -1.00 -0.37 0.19 0.8188 0.0803 -0.0707 -0.5640 3 3 1 3 0 0 0 0 0
0.07 -0.15 -0.03 -0.13 -0.06 -0.06 0.8188 0.0805 -0.0708 -0.5640 3 3 1 3 0 0 0 0 0
0.03 -0.09 -0.05 2.56 0.50 -0.37 0.8188 0.0806 -0.0709 -0.5640 3 3 1 3 0 0 0 0 0
0.07 -0.14 -0.01 0.62 0.19 0.00 0.8188 0.0807 -0.0709 -0.5640 3 3 1 3 0 0 0 0 0
0.09 -0.17 -0.02 0.00 -0.13 0.06 0.8188 0.0807 -0.0709 -0.5640 3 3 1 3 0 0 0 0 0
0.06 -0.12 -0.04 1.25 0.31 -0.19 0.8187 0.0809 -0.0710 -0.5640 3 3 1 3 0 0 0 0 0
0.06 -0.09 -0.09 2.31 0.56 -0.25 0.8187 0.0809 -0.0711 -0.5640 3 3 1 3 0 0 0 0 0
0.06 -0.15 -0.06 0.81 0.13 -1.44 0.8184 0.0807 -0.0711 -0.5645 3 3 1 3 0 0 0 0 0
0.08 -0.17 0.03 -1.62 -0.37 0.00 0.8184 0.0800 -0.0709 -0.5647 3 3 1 3 881 0 0 0 0
0.07 -0.21 0.01 -1.50 -0.25 0.13 0.8184 0.0797 -0.0709 -0.5647 3 3 1 3 2320 0 0 0 0
0.05 -0.10 -0.06 0.81 0.31 -0.13 0.8184 0.0792 -0.0708 -0.5647 3 3 1 3 2963 0 0 0 0
0.06 -0.15 0.00 -0.25 -0.06 0.13 0.8185 0.0789 -0.0707 -0.5647 3 3 1 3 3279 0 0 0 0
0.06 -0.12 -0.04 -0.25 0.06 0.13 0.8185 0.0787 -0.0707 -0.5647 3 3 1 3 3423 0 0 0 0
0.04 -0.07 -0.05 1.44 0.44 -0.06 0.8185 0.0784 -0.0707 -0.5647 3 3 1 3 3511 0 0 0 0
0.05 -0.12 0.00 -0.50 -0.06 0.19 0.8185 0.0782 -0.0707 -0.5647 3 3 1 3 3540 0 0 0 0
0.05 -0.11 0.01 -0.13 -0.13 0.19 0.8185 0.0781 -0.0707 -0.5647 3 3 1 3 3311 0 0 0 0
0.03 -0.07 -0.03 0.00 0.00 0.00 0.8185 0.0780 -0.0708 -0.5646 3 3 1 3 969 0 0 0 0
0.05 -0.13 0.00 -0.69 -0.25 0.19 0.8186 0.0779 -0.0709 -0.5646 3 3 1 3 0 0 0 0 0
0.04 -0.16 0.01 -0.94 -0.13 0.00 0.8186 0.0777 -0.0708 -0.5646 3 3 1 3 0 0 0 0 0
0.04 -0.06 -0.06 1.12 0.25 -0.06 0.8186 0.0778 -0.0709 -0.5646 3 3 1 3 0 0 0 0 0
0.06 -0.11 0.00 -0.31 0.00 0.00 0.8186 0.0778 -0.0709 -0.5646 3 3 1 3 0 0 0 0 0
0.06 -0.10 -0.02 -0.31 -0.25 -0.06 0.8186 0.0778 -0.0709 -0.5646 3 3 1 3 0 0 0 0 0
0.04 -0.10 0.00 0.00 -0.19 0.00 0.8186 0.0778 -0.0709 -0.5646 3 3 1 3 0 0 0 0 0
0.06 -0.09 -0.02 0.19 -0.31 0.00 0.8186 0.0778 -0.0709 -0.5646 3 3 1 3 0 0 0 0 0
0.03 -0.09 -0.02 -0.06 0.13 0.00 0.8186 0.0778 -0.0709 -0.5646 3 3 1 3 0 0 0 0 0
-3.58 -3.26 -1.15 -278.25 7.62 -19.62 0.8206 0.0522 -0.0526 -0.5668 3 3 1 3 0 0 0 0 0
-0.30 0.27 0.28 -20.81 -12.63 -26.69 0.8035 -0.0348 0.0136 -0.5942 3 3 1 3 0 0 0 0 0
-0.91 0.07 0.19 -2.69 -4.50 -10.56 0.7914 -0.0452 0.0154 -0.6095 3 3 1 3 0 0 0 0 0
0.48 0.32 0.29 -6.06 -1.56 -16.19 0.7827 -0.0502 0.0184 -0.6201 3 3 1 3 0 0 0 0 0
0.32 -0.21 0.23 -13.50 1.06 -18.19 0.7750 -0.0566 0.0225 -0.6290 3 3 1 3 0 0 0 0 0
-0.14 -0.05 0.19 14.13 -3.75 2.25 0.7737 -0.0529 0.0172 -0.6310 3 3 1 3 0 0 0 0 0
-0.15 -0.12 0.29 9.19 -0.25 6.19 0.7772 -0.0498 0.0136 -0.6271 3 3 1 3 0 0 0 0 0
-0.11 -0.21 0.19 13.25 0.56 -47.19 0.7723 -0.0361 0.0049 -0.6342 3 3 1 3 0 0 0 0 0
-0.18 -0.02 0.19 9.00 3.56 -26.25 0.7553 -0.0286 0.0002 -0.6547 3 3 1 3 0 0 0 0 0
-0.12 -0.31 0.22 3.62 -1.62 -53.00 0.7427 -0.0264 -0.0013 -0.6691 3 3 1 3 0 0 0 0 0
-0.37 0.27 0.21 -15.50 1.87 -35.81 0.7154 -0.0306 0.0007 -0.6981 3 3 1 3 0 0 0 0 0
-0.29 -0.15 0.24 -1.81 0.81 -8.75 0.7104 -0.0352 0.0065 -0.7029 3 3 1 3 0 0 0 0 0
-0.32 -0.14 0.24 1.69 -1.62 1.50 0.7103 -0.0339 0.0064 -0.7031 3 3 1 3 0 0 0 0 0
-0.04 -0.45 0.46 54.69 1.37 34.50 0.7215 -0.0244 -0.0035 -0.6920 3 3 1 3 0 0 0 0 0
-0.24 1.41 -1.38 109.37 17.31 5.62 0.7128 0.0619 -0.0953 -0.6921 3 3 1 3 0 0 0 0 0
-0.20 -0.66 0.50 -25.19 1.12 0.31 0.7170 0.0294 -0.0627 -0.6937 3 3 1 3 0 0 0 0 0
-0.43 -0.44 0.29 -150.94 30.62 88.12 0.7254 0.0334 -0.0664 -0.6843 3 3 1 3 0 0 0 0 0
-0.10 -0.13 0.19 -81.06 8.13 24.31 0.7484 -0.0106 -0.0191 -0.6628 3 3 1 3 0 0 0 0 0
-0.18 -0.18 0.29 -29.19 2.37 -15.75 0.7474 -0.0329 0.0033 -0.6636 3 3 1 3 0 0 0 0 0
-0.21 -0.04 0.18 -4.25 0.06 -1.12 0.7441 -0.0375 0.0081 -0.6670 3 3 1 3 0 0 0 0 0
-0.18 -0.01 0.24 -6.75 -3.37 3.19 0.7432 -0.0453 0.0142 -0.6674 3 3 1 3 0 0 0 0 0
-0.17 -0.02 0.26 -1.19 0.06 0.25 0.7444 -0.0484 0.0154 -0.6658 3 3 1 3 0 0 0 0 0
-0.15 0.05 0.29 5.00 -0.56 0.56 0.7449 -0.0461 0.0140 -0.6655 3 3 1 3 0 0 0 0 0
-0.13 0.07 0.26 1.75 -0.50 1.62 0.7457 -0.0446 0.0127 -0.6646 3 3 1 3 0 0 0 0 0
-0.15 -0.01 0.24 -2.44 0.06 -0.31 0.7458 -0.0456 0.0140 -0.6644 3 3 1 3 0 0 0 0 0
-0.15 0.02 0.24 0.56 -0.31 0.50 0.7464 -0.0468 0.0146 -0.6637 3 3 1 3 0 0 0 0 0
-0.15 0.00 0.23 -0.50 -0.75 0.69 0.7473 -0.0466 0.0146 -0.6628 3 3 1 3 0 0 0 0 0
-0.12 0.00 0.26 -1.62 -1.25 2.44 0.7488 -0.0479 0.0148 -0.6609 3 3 1 3 0 0 0 0 0
-0.10 -0.06 0.24 2.19 -0.44 1.81 0.7518 -0.0486 0.0142 -0.6575 3 3 1 3 0 0 0 0 0
-0.04 0.04 0.25 3.06 -0.37 -1.12 0.7520 -0.0452 0.0124 -0.6575 3 3 1 3 0 0 0 0 0
-0.12 -0.01 0.21 2.81 1.56 -2.06 0.7520 -0.0428 0.0113 -0.6577 3 3 1 3 0 0 0 0 0
-0.02 0.10 0.20 -0.62 -1.31 -0.25 0.7526 -0.0429 0.0110 -0.6570 3 3 1 3 0 0 0 0 0
-0.08 -0.03 0.21 -0.06 0.00 0.00 0.7527 -0.0433 0.0113 -0.6568 3 3 1 3 0 0 0 0 0
-0.07 -0.01 0.25 0.94 1.00 -0.31 0.7532 -0.0428 0.0112 -0.6563 3 3 1 3 0 0 0 0 0
-0.09 -0.02 0.21 -0.44 -1.75 1.19 0.7531 -0.0419 0.0113 -0.6566 3 3 1 3 0 0 0 0 0
-0.09 -0.03 0.24 -0.31 0.00 0.00 0.7540 -0.0425 0.0112 -0.6553 3 3 1 3 0 0