[2020-08-24 13:14:08.417] 0.1100 -0.0200 0.0100 -0.1250 0.4375 -0.0625 0.2136 0.0419 0.2042 0.9544 3 3 3 3 1535 2133 156 912 1393
[2020-08-24 13:14:08.439] 0.1200 -0.0600 -0.0100 0.0000 0.0625 0.1250 0.2136 0.0419 0.2042 0.9544 3 3 3 3 1535 2125 160 913 1394
[2020-08-24 13:14:08.457] 0.0900 -0.0400 0.0000 0.0625 -0.0625 -0.0625 0.2136 0.0419 0.2042 0.9544 3 3 3 3 1535 2128 153 907 1387
[2020-08-24 13:14:08.477] 0.1100 -0.0300 0.0000 0.0625 -0.3750 0.0625 0.2136 0.0419 0.2042 0.9544 3 3 3 3 1535 2130 154 906 1387
[2020-08-24 13:14:08.497] 0.1200 -0.0400 -0.0200 0.0000 -0.1250 0.0625 0.2136 0.0419 0.2042 0.9544 3 3 3 3 1554 2131 154 901 1390
[2020-08-24 13:14:08.517] 0.1100 -0.0300 0.0000 -0.1250 0.0625 -0.1250 0.2136 0.0419 0.2042 0.9544 3 3 3 3 1535 2131 150 909 1386
[2020-08-24 13:14:08.539] 0.1200 -0.0300 -0.0100 -0.0625 0.1250 -0.1250 0.2136 0.0419 0.2042 0.9544 3 3 3 3 1535 2141 152 901 1394
[2020-08-24 13:14:08.558] 0.1200 -0.0300 -0.0100 0.0625 0.0625 -0.1250 0.2136 0.0419 0.2042 0.9544 3 3 3 3 1535 2131 153 909 1392
[2020-08-24 13:14:08.578] 0.0900 -0.0300 0.0100 0.2500 0.2500 -0.3125 0.2136 0.0419 0.2042 0.9544 3 3 3 3 1535 2132 160 913 1398
[2020-08-24 13:14:08.597] 0.1500 -0.0200 -0.0300 0.3750 0.2500 -0.3125 0.2136 0.0419 0.2042 0.9544 3 3 3 3 1535 2143 154 920 1401
[2020-08-24 13:14:08.618] 0.1000 -0.0200 0.0100 0.0625 0.2500 -0.4375 0.2136 0.0418 0.2042 0.9544 3 3 3 3 1535 2149 160 917 1392
[2020-08-24 13:14:08.639] 0.1200 -0.0500 0.0000 0.1875 0.5625 -0.4375 0.2136 0.0418 0.2042 0.9544 3 3 3 3 1554 2150 164 914 1431
[2020-08-24 13:14:08.657] 0.1200 0.0000 0.0000 0.0625 0.5625 -0.2500 0.2136 0.0418 0.2042 0.9544 3 3 3 3 1535 2150 166 923 1426
[2020-08-24 13:14:08.679] 0.0700 -0.0900 -0.0400 -0.5000 -0.1875 -0.1875 0.2136 0.0418 0.2042 0.9544 3 3 3 3 1557 2160 168 922 1427
[2020-08-24 13:14:08.700] 0.1300 -0.0300 -0.0300 -0.1250 0.1875 -0.1250 0.2136 0.0418 0.2042 0.9544 3 3 3 3 1535 2156 169 918 1438
[2020-08-24 13:14:08.719] 0.1100 0.0000 -0.0100 0.1250 0.2500 0.0625 0.2136 0.0418 0.2042 0.9544 3 3 3 3 1569 2155 180 920 1432
[2020-08-24 13:14:08.740] 0.1000 -0.0100 -0.0100 0.1875 0.0000 -0.1875 0.2136 0.0418 0.2042 0.9544 3 3 3 3 1535 2153 184 919 1437
[2020-08-24 13:14:08.758] 0.1300 0.0000 -0.0100 -0.0625 0.1875 -0.2500 0.2136 0.0418 0.2042 0.9544 3 3 3 3 1535 2150 176 923 1433
[2020-08-24 13:14:08.778] 0.1000 -0.0300 0.0000 -0.0625 0.0000 0.1250 0.2136 0.0418 0.2042 0.9544 3 3 3 3 1535 2150 176 922 1386
[2020-08-24 13:14:08.798] 0.1100 -0.0300 -0.0200 0.0000 0.1250 -0.0625 0.2136 0.0418 0.2042 0.9544 3 3 3 3 1535 2146 180 924 1386
[2020-08-24 13:14:08.822] 0.0800 -0.0500 0.0000 -0.0625 -0.1250 0.1250 0.2136 0.0418 0.2042 0.9544 3 3 3 3 1535 2146 179 912 1385
[2020-08-24 13:14:08.839] 0.0900 -0.0300 -0.0100 -0.0625 -0.1250 0.0625 0.2136 0.0418 0.2042 0.9544 3 3 3 3 1535 2145 164 915 1396
[2020-08-24 13:14:08.858] 0.0800 -0.0400 -0.0200 -0.1250 -0.0625 0.0000 0.2136 0.0418 0.2042 0.9544 3 3 3 3 1535 2148 193 914 1384
[2020-08-24 13:14:08.877] 0.1200 -0.0400 -0.0200 -0.0625 -0.1250 0.0625 0.2136 0.0418 0.2042 0.9544 3 3 3 3 1535 2148 178 922 1392
[2020-08-24 13:14:08.900] 0.1000 -0.0400 0.0000 0.0000 0.2500 -0.1875 0.2136 0.0418 0.2042 0.9544 3 3 3 3 1535 2145 176 919 1399
[2020-08-24 13:14:08.922] 0.1100 -0.0300 0.0000 0.0625 0.3125 -0.1250 0.2136 0.0418 0.2042 0.9544 3 3 3 3 1535 2145 177 914 1401
[2020-08-24 13:14:08.937] 0.1000 -0.0400 -0.0100 0.0000 0.2500 -0.0625 0.2136 0.0418 0.2042 0.9544 3 3 3 3 1535 2145 176 920 1392
[2020-08-24 13:14:08.958] 0.1000 -0.0300 0.0200 0.0625 0.3750 -0.1250 0.2136 0.0418 0.2042 0.9544 3 3 3 3 1535 2148 176 925 1392
[2020-08-24 13:14:08.977] 0.1200 -0.0200 -0.0200 -0.0625 0.0000 -0.0625 0.2136 0.0418 0.2042 0.9544 3 3 3 3 1535 2145 180 923 1392
[2020-08-24 13:14:08.997] 0.1100 -0.0200 0.0000 0.0625 0.1250 -0.0625 0.2136 0.0418 0.2042 0.9544 3 3 3 3 1535 2146 192 924 1422
[2020-08-24 13:14:09.022] 0.1000 -0.0300 -0.0100 0.0625 0.1250 -0.1250 0.2136 0.0418 0.2042 0.9544 3 3 3 3 1535 2151 176 922 1402
[2020-08-24 13:14:09.037] 0.1100 -0.0200 -0.0200 0.1250 0.3125 -0.2500 0.2136 0.0418 0.2042 0.9544 3 3 3 3 1532 2147 184 922 1409
[2020-08-24 13:14:09.059] 0.1100 -0.0100 -0.0200 0.0000 0.1250 -0.1875 0.2136 0.0418 0.2042 0.9544 3 3 3 3 1532 2147 145 916 1406
[2020-08-24 13:14:09.075] 0.0900 -0.0400 0.0000 0.0000 0.0625 -0.1875 0.2136 0.0418 0.2042 0.9544 3 3 3 3 1533 2142 176 922 1392
[2020-08-24 13:14:09.100] 0.0900 -0.0500 -0.0100 0.0625 -0.1875 -0.1250 0.2136 0.0418 0.2042 0.9544 3 3 3 3 1535 2142 176 928 1397
[2020-08-24 13:14:09.122] 0.1000 -0.0100 0.0000 -0.0625 0.0000 0.0625 0.2136 0.0418 0.2042 0.9544 3 3 3 3 1530 2144 192 906 1402
[2020-08-24 13:14:09.137] 0.0900 -0.0400 0.0000 0.0625 0.0000 0.0000 0.2136 0.0418 0.2042 0.9544 3 3 3 3 1535 2143 192 921 1402
[2020-08-24 13:14:09.157] 0.1300 -0.0200 -0.0200 0.0625 0.0625 -0.1250 0.2136 0.0418 0.2042 0.9544 3 3 3 3 1535 2146 192 922 1403
[2020-08-24 13:14:09.175] 0.1200 -0.0300 -0.0100 -0.0625 -0.0625 -0.0625 0.2136 0.0418 0.2042 0.9544 3 3 3 3 1535 2144 193 925 1405
[2020-08-24 13:14:09.198] 0.1000 -0.0400 0.0000 0.0000 -0.0625 -0.0625 0.2136 0.0418 0.2042 0.9544 3 3 3 3 1534 2154 208 920 1408
[2020-08-24 13:14:09.222] 0.1100 -0.0300 -0.0200 0.0000 -0.0625 -0.0625 0.2136 0.0418 0.2042 0.9544 3 3 3 3 1530 2143 184 928 1404
[2020-08-24 13:14:09.238] 0.0700 -0.0200 -0.0200 0.0625 0.0000 0.0625 0.2136 0.0418 0.2042 0.9544 3 3 3 3 1534 2145 182 960 1399
[2020-08-24 13:14:09.258] 0.0800 -0.0200 -0.0100 -0.0625 -0.1250 -0.0625 0.2136 0.0418 0.2042 0.9544 3 3 3 3 1535 2147 184 925 1410
[2020-08-24 13:14:09.277] 0.0900 -0.0200 0.0200 0.1250 -0.0625 -0.0625 0.2136 0.0418 0.2042 0.9544 3 3 3 3 1535 2145 176 925 1405
[2020-08-24 13:14:09.299] 0.0800 -0.0200 0.0000 -0.1250 -0.2500 0.0625 0.2136 0.0418 0.2042 0.9544 3 3 3 3 1535 2143 176 922 1403
[2020-08-24 13:14:09.322] 0.0900 -0.0200 -0.0100 -0.0625 -0.1250 0.0625 0.2136 0.0418 0.2042 0.9544 3 3 3 3 1535 2143 176 921 1408
[2020-08-24 13:14:09.339] 0.1400 -0.0300 0.0000 0.0000 -0.1250 -0.0625 0.2136 0.0418 0.2042 0.9544 3 3 3 3 1535 2145 177 924 1394
[2020-08-24 13:14:09.359] 0.1100 -0.0400 -0.0300 0.0000 0.0000 0.0000 0.2136 0.0418 0.2042 0.9544 3 3 3 3 1530 2145 166 920 1403
[2020-08-24 13:14:09.377] 0.1100 -0.0300 0.0000 0.1250 -0.2500 0.0625 0.2136 0.0418 0.2042 0.9544 3 3 3 3 1535 2142 176 925 1408
[2020-08-24 13:14:09.399] 0.0900 -0.0300 0.0000 0.0625 -0.0625 0.0000 0.2136 0.0418 0.2042 0.9544 3 3 3 3 1535 2151 203 921 1406
[2020-08-24 13:14:09.422] 0.1000 -0.0400 0.0000 0.0625 0.0000 -0.0625 0.2136 0.0418 0.2042 0.9544 3 3 3 3 1535 2147 193 926 1419
[2020-08-24 13:14:09.439] 0.1100 -0.0300 -0.0100 0.1250 0.0625 -0.0625 0.2136 0.0418 0.2042 0.9544 3 3 3 3 1535 2147 176 926 1438
[2020-08-24 13:14:09.460] 0.0700 -0.0400 -0.0200 0.0625 0.0625 0.0625 0.2136 0.0418 0.2042 0.9544 3 3 3 3 1535 2143 186 928 1438
[2020-08-24 13:14:09.476] 0.1300 -0.0300 0.0100 0.0000 -0.2500 0.0625 0.2136 0.0418 0.2042 0.9544 3 3 3 3 1535 2149 193 923 1435
[2020-08-24 13:14:09.498] 0.1200 -0.0300 0.0000 -0.0625 0.0625 0.0000 0.2136 0.0418 0.2042 0.9544 3 3 3 3 1555 2122 194 928 1440
[2020-08-24 13:14:09.520] 0.1100 -0.0100 -0.0200 0.1250 0.0625 0.0000 0.2136 0.0418 0.2042 0.9544 3 3 3 3 1535 2154 204 928 1437
[2020-08-24 13:14:09.538] 0.1400 -0.0200 0.0000 -0.0625 0.0625 -0.0625 0.2136 0.0418 0.2042 0.9544 3 3 3 3 1535 2128 192 921 1433
[2020-08-24 13:14:09.558] 0.0800 0.0000 -0.0200 0.0625 0.1250 -0.1875 0.2136 0.0418 0.2042 0.9544 3 3 3 3 1535 2150 184 898 1440
[2020-08-24 13:14:09.576] 0.0700 -0.0100 0.0200 -0.0625 0.0625 -0.0625 0.2136 0.0418 0.2042 0.9544 3 3 3 3 1535 2155 192 912 1440
[2020-08-24 13:14:09.598] 0.1100 -0.0200 -0.0100 0.0000 -0.1875 0.0625 0.2136 0.0418 0.2042 0.9544 3 3 3 3 1535 2145 188 928 1437
[2020-08-24 13:14:09.618] 0.1000 -0.0400 -0.0200 0.0000 -0.1250 -0.1250 0.2136 0.0418 0.2042 0.9544 3 3 3 3 1535 2141 181 906 1441
[2020-08-24 13:14:09.638] 0.1000 -0.0200 -0.0200 0.0625 0.2500 0.0000 0.2136 0.0418 0.2042 0.9544 3 3 3 3 1535 2146 169 944 1450
[2020-08-24 13:14:09.659] 0.0700 0.0000 -0.0400 -0.0625 0.2500 0.0000 0.2136 0.0418 0.2042 0.9544 3 3 3 3 1559 2144 172 927 1438
[2020-08-24 13:14:09.678] 0.1000 -0.0200 0.0000 0.0625 0.0000 0.1250 0.2136 0.0418 0.2042 0.9544 3 3 3 3 1535 2148 176 930 1439
[2020-08-24 13:14:09.699] 0.0900 -0.0300 0.0100 -0.1875 0.0625 0.0000 0.2136 0.0418 0.2042 0.9544 3 3 3 3 1535 2147 168 930 1443
[2020-08-24 13:14:09.722] 0.1000 -0.0400 0.0100 0.1250 0.0000 0.0000 0.2136 0.0418 0.2042 0.9544 3 3 3 3 1535 2150 176 928 1440
[2020-08-24 13:14:09.738] 0.0800 -0.0400 0.0100 0.1250 0.0625 0.0625 0.2136 0.0418 0.2042 0.9544 3 3 3 3 1535 2128 181 928 1446
[2020-08-24 13:14:09.757] 0.0900 -0.0200 -0.0100 0.1875 -0.1875 0.0000 0.2136 0.0418 0.2042 0.9544 3 3 3 3 1535 2154 156 928 1447
[2020-08-24 13:14:09.776] 0.1000 -0.0100 -0.0200 0.0625 0.0000 -0.0625 0.2136 0.0418 0.2042 0.9544 3 3 3 3 1535 2156 192 929 1460
[2020-08-24 13:14:09.797] 0.1200 -0.0400 0.0000 0.1250 0.0625 0.0625 0.2136 0.0418 0.2042 0.9544 3 3 3 3 1535 2154 181 928 1450
[2020-08-24 13:14:09.819] 0.0700 -0.0200 0.0000 0.0000 0.0625 0.1250 0.2136 0.0418 0.2042 0.9544 3 3 3 3 1535 2151 181 918 1447
[2020-08-24 13:14:09.838] 0.1000 -0.0300 0.0000 0.0625 -0.3125 0.1875 0.2136 0.0418 0.2042 0.9544 3 3 3 3 1535 2147 185 928 1440
[2020-08-24 13:14:09.858] 0.1100 -0.0300 -0.0200 0.0625 -0.0625 0.1875 0.2136 0.0418 0.2042 0.9544 3 3 3 3 1535 2154 177 933 1442
[2020-08-24 13:14:09.877] 0.1200 -0.0300 0.0000 0.1250 -0.0625 0.0625 0.2136 0.0418 0.2042 0.9544 3 3 3 3 1535 2149 184 930 1445
[2020-08-24 13:14:09.898] 0.1100 -0.0300 0.0000 0.0625 -0.0625 0.1250 0.2136 0.0418 0.2042 0.9544 3 3 3 3 1535 2155 192 934 1451
[2020-08-24 13:14:09.918] 0.1100 -0.0200 0.0000 0.0625 -0.0625 0.1250 0.2136 0.0418 0.2042 0.9544 3 3 3 3 1535 2147 197 930 1442
[2020-08-24 13:14:09.938] 0.1100 -0.0100 -0.0100 -0.0625 -0.1250 0.0625 0.2136 0.0418 0.2042 0.9544 3 3 3 3 1535 2150 194 935 1443
[2020-08-24 13:14:09.956] 0.0900 -0.0200 0.0000 -0.1250 0.1875 -0.0625 0.2136 0.0418 0.2042 0.9544 3 3 3 3 1535 2146 197 932 1449
[2020-08-24 13:14:09.977] 0.1000 -0.0300 0.0000 0.0000 0.3125 0.0000 0.2136 0.0418 0.2042 0.9544 3 3 3 3 1535 2148 192 957 1446
[2020-08-24 13:14:09.997] 0.0700 -0.0100 -0.0200 -0.1250 0.2500 0.1250 0.2136 0.0418 0.2042 0.9544 3 3 3 3 1535 2151 200 932 1450
[2020-08-24 13:14:10.016] 0.0900 -0.0400 0.0000 -0.0625 0.0000 0.0625 0.2136 0.0418 0.2042 0.9544 3 3 3 3 1535 2147 200 928 1450
[2020-08-24 13:14:10.038] 0.1100 -0.0200 0.0000 0.0625 -0.1250 0.1250 0.2136 0.0418 0.2042 0.9544 3 3 3 3 1535 2154 194 928 1446
[2020-08-24 13:14:10.057] 0.1100 0.0000 0.0100 0.0000 -0.1875 0.1250 0.2136 0.0418 0.2042 0.9544 3 3 3 3 1535 2145 192 928 1445
[2020-08-24 13:14:10.077] 0.0800 -0.0100 0.0000 -0.0625 -0.1250 0.0000 0.2136 0.0418 0.2042 0.9544 3 3 3 3 1535 2149 192 938 1450
[2020-08-24 13:14:10.096] 0.0800 -0.0200 -0.0100 -0.0625 -0.1875 0.0000 0.2136 0.0418 0.2042 0.9544 3 3 3 3 1535 2147 192 935 1454
[2020-08-24 13:14:10.117] 0.1300 -0.0300 -0.0100 0.0000 -0.3125 0.0000 0.2136 0.0418 0.2042 0.9544 3 3 3 3 1535 2138 193 932 1456
[2020-08-24 13:14:10.138] 0.0900 -0.0300 0.0200 0.0000 -0.3750 0.0625 0.2136 0.0418 0.2042 0.9544 3 3 3 3 1535 2150 200 930 1453
[2020-08-24 13:14:10.157] 0.1200 -0.0200 -0.0100 0.0625 -0.1250 -0.0625 0.2136 0.0418 0.2042 0.9544 3 3 3 3 1554 2151 186 930 1456
[2020-08-24 13:14:10.176] 0.0900 -0.0100 0.0000 0.0625 -0.1250 -0.0625 0.2136 0.0418 0.2042 0.9544 3 3 3 3 1535 2147 192 934 1456
[2020-08-24 13:14:10.197] 0.1200 -0.0500 0.0100 0.0625 0.0625 0.0000 0.2136 0.0418 0.2042 0.9544 3 3 3 3 1535 2145 192 928 1445
[2020-08-24 13:14:10.217] 0.1000 -0.0300 0.0200 -0.0625 0.0625 -0.1250 0.2136 0.0418 0.2042 0.9544 3 3 3 3 1535 2155 192 920 1452
[2020-08-24 13:14:10.238] 0.1000 -0.0100 0.0000 0.0625 -0.1250 0.0625 0.2136 0.0418 0.2042 0.9544 3 3 3 3 1535 2154 188 925 1456
[2020-08-24 13:14:10.256] 0.1200 -0.0400 -0.0100 -0.1250 0.1250 -0.0625 0.2136 0.0418 0.2042 0.9544 3 3 3 3 1535 2150 193 928 1454
[2020-08-24 13:14:10.276] 0.1000 -0.0100 -0.0200 -0.1250 0.1250 0.0000 0.2136 0.0418 0.2042 0.9544 3 3 3 3 1535 2151 196 928 1449
[2020-08-24 13:14:10.297] 0.1000 -0.0300 0.0000 -0.2500 -0.0625 0.0625 0.2136 0.0418 0.2042 0.9544 3 3 3 3 1535 2155 192 915 1450
[2020-08-24 13:14:10.317] 0.0900 -0.0300 -0.0200 -0.1250 0.0625 0.0625 0.2136 0.0418 0.2042 0.9544 3 3 3 3 1535 2145 208 930 1451
[2020-08-24 13:14:10.338] 0.1100 -0.0300 0.0000 0.0000 0.1250 -0.0625 0.2136 0.0418 0.2042 0.9544 3 3 3 3 1535 2160 197 930 1452
[2020-08-24 13:14:10.356] 0.1000 -0.0200 -0.0200 0.1875 -0.0625 -0.0625 0.2136 0.0418 0.2042 0.9544 3 3 3 3 1554 2161 194 926 1450
[2020-08-24 13:14:10.375] 0.1200 -0.0200 0.0100 0.0000 0.1250 -0.0625 0.2136 0.0418 0.2042 0.9544 3 3 3 3 1535 2165 201 930 1440
[2020-08-24 13:14:10.397] 0.0800 -0.0200 0.0200 0.1875 -0.0625 0.0625 0.2136 0.0418 0.2042 0.9544 3 3 3 3 1535 2162 193 928 1452
[2020-08-24 13:14:10.416] 0.1100 -0.0200 -0.0100 -0.0625 0.3125 -0.1250 0.2136 0.0418 0.2042 0.9544 3 3 3 3 1561 2160 182 928 1452
[2020-08-24 13:14:10.438] 0.1000 -0.0300 0.0200 -0.0625 0.0625 0.0000 0.2136 0.0418 0.2042 0.9544 3 3 3 3 1535 2160 192 936 1445
[2020-08-24 13:14:10.456] 0.1000 -0.0100 0.0000 0.0000 0.0625 -0.1250 0.2136 0.0418 0.2042 0.9544 3 3 3 3 1535 2157 198 921 1446
[2020-08-24 13:14:10.479] 0.0800 0.0000 -0.0100 0.0625 -0.0625 -0.0625 0.2136 0.0418 0.2042 0.9544 3 3 3 3 1534 2181 165 936 1456
[2020-08-24 13:14:10.497] 0.0900 -0.0200 -0.0400 0.0000 -0.0625 0.0000 0.2136 0.0418 0.2042 0.9544 3 3 3 3 1535 2160 187 929 1443
[2020-08-24 13:14:10.517] 0.0900 -0.0100 -0.0100 0.1250 -0.3125 0.0625 0.2136 0.0418 0.2042 0.9544 3 3 3 3 1535 2159 184 925 1456
[2020-08-24 13:14:10.538] 0.1000 -0.0300 0.0200 -0.0625 -0.0625 0.0625 0.2136 0.0418 0.2042 0.9544 3 3 3 3 1535 2161 180 942 1455
[2020-08-24 13:14:10.555] 0.0900 -0.0400 -0.0300 0.0625 -0.1875 0.1250 0.2136 0.0418 0.2042 0.9544 3 3 3 3 1535 2160 184 930 1445
[2020-08-24 13:14:10.577] 0.0800 -0.0200 0.0000 0.0625 -0.1875 0.1250 0.2136 0.0418 0.2042 0.9544 3 3 3 3 1535 2155 184 914 1402
[2020-08-24 13:14:10.597] 0.1000 -0.0200 -0.0100 0.0000 0.1250 0.1250 0.2136 0.0418 0.2042 0.9544 3 3 3 3 1535 2155 184 937 1408
[2020-08-24 13:14:10.616] 0.0800 -0.0300 0.0100 0.0000 0.0625 -0.1250 0.2136 0.0418 0.2042 0.9544 3 3 3 3 1535 2151 144 928 1408
[2020-08-24 13:14:10.637] 0.1000 -0.0300 0.0000 -0.0625 0.1875 0.0000 0.2136 0.0418 0.2042 0.9544 3 3 3 3 1534 2150 188 930 1409
[2020-08-24 13:14:10.655] 0.0900 0.0000 -0.0300 -0.1250 0.0625 0.0000 0.2136 0.0418 0.2042 0.9544 3 3 3 3 1535 2149 164 931 1407
[2020-08-24 13:14:10.675] 0.1100 -0.0300 0.0000 0.0625 0.1250 0.0000 0.2136 0.0418 0.2042 0.9544 3 3 3 3 1535 2155 184 932 1408
[2020-08-24 13:14:10.696] 0.0900 -0.0100 0.0200 -0.0625 0.2500 0.0625 0.2136 0.0418 0.2042 0.9544 3 3 3 3 1535 2154 177 931 1415
[2020-08-24 13:14:10.716] 0.0700 -0.0100 0.0000 -0.0625 0.1250 -0.0625 0.2136 0.0418 0.2042 0.9544 3 3 3 3 1535 2155 188 931 1424
[2020-08-24 13:14:10.740] 0.0800 -0.0200 0.0300 0.0000 0.0625 -0.1250 0.2136 0.0418 0.2042 0.9544 3 3 3 3 1535 2157 190 931 1411
[2020-08-24 13:14:10.757] 0.0600 -0.0400 0.0000 -0.1250 0.2500 0.0000 0.2136 0.0418 0.2042 0.9544 3 3 3 3 1535 2143 180 936 1419
[2020-08-24 13:14:10.776] 0.1100 -0.0200 0.0000 -0.0625 0.0000 0.0625 0.2136 0.0418 0.2042 0.9544 3 3 3 3 1535 2147 192 930 1410
[2020-08-24 13:14:10.796] 0.1300 -0.0300 0.0000 0.0000 -0.1250 0.0000 0.2136 0.0418 0.2042 0.9544 3 3 3 3 1535 2149 169 932 1421
[2020-08-24 13:14:10.818] 0.1100 -0.0400 -0.0100 -0.1875 0.0625 0.1250 0.2136 0.0418 0.2042 0.9544 3 3 3 3 1523 2149 192 921 1409
[2020-08-24 13:14:10.841] 0.0800 -0.0200 0.0000 -0.1250 0.3125 0.0000 0.2136 0.0418 0.2042 0.9544 3 3 3 3 1554 2155 193 931 1454
[2020-08-24 13:14:10.857] 0.0800 -0.0300 -0.0100 0.0000 -0.3125 0.0000 0.2136 0.0418 0.2042 0.9544 3 3 3 3 1535 2151 193 928 1456
[2020-08-24 13:14:10.875] 0.1100 -0.0300 -0.0100 0.0000 -0.5000 0.1250 0.2136 0.0418 0.2042 0.9544 3 3 3 3 1535 2154 176 937 1454
[2020-08-24 13:14:10.897] 0.1300 -0.0300 0.0000 0.0625 -0.1250 0.1250 0.2136 0.0418 0.2042 0.9544 3 3 3 3 1535 2154 176 928 1453
[2020-08-24 13:14:10.915] 0.1000 -0.0300 0.0000 -0.0625 0.1875 0.0625 0.2136 0.0418 0.2042 0.9544 3 3 3 3 1535 2154 176 929 1450
[2020-08-24 13:14:10.938] 0.1300 -0.0300 0.0000 -0.0625 0.0000 0.0625 0.2136 0.0418 0.2042 0.9544 3 3 3 3 1535 2142 268 926 1463
[2020-08-24 13:14:10.956] 0.2000 -0.0400 -0.0300 -0.3125 0.2500 -0.1250 0.2136 0.0418 0.2042 0.9544 3 3 3 3 1535 2167 487 932 1449
[2020-08-24 13:14:10.976] 0.4200 -0.1300 -0.0100 -0.4375 1.8125 -1.4375 0.2136 0.0419 0.2042 0.9544 3 3 3 3 1584 2348 731 976 1489
[2020-08-24 13:14:10.996] 0.4700 -0.0700 -0.0100 0.3750 3.9375 -3.6250 0.2139 0.0418 0.2040 0.9544 3 3 3 3 1716 2647 1275 1104 1590
[2020-08-24 13:14:11.022] -0.8600 -0.2200 0.2500 -0.1250 5.0000 -2.7500 0.2142 0.0408 0.2041 0.9543 3 3 3 3 1760 2839 1535 1213 1626
[2020-08-24 13:14:11.041] -3.7700 -0.4600 0.5800 4.6250 5.5625 -27.5625 0.2167 0.0397 0.2047 0.9537 3 3 3 3 1801 2863 1794 1271 1707
[2020-08-24 13:14:11.057] -10.4300 -0.4800 -0.1800 11.4375 -53.5625 -152.5625 0.2365 0.0412 0.2055 0.9488 3 3 3 3 1826 2799 1919 1258 1831
[2020-08-24 13:14:11.076] -8.6400 1.6700 -1.1100 12.5625 -126.3125 -317.6875 0.2844 0.0499 0.2051 0.9352 3 3 3 3 1791 2541 1872 1212 1862
[2020-08-24 13:14:11.096] -4.2800 5.0000 -2.3100 13.0000 -144.4375 -368.9375 0.3489 0.0612 0.2026 0.9129 3 3 3 3 1789 2231 1607 1154 2075
[2020-08-24 13:14:11.115] -0.6900 4.5900 -2.2300 6.1875 -166.4375 -376.0000 0.4130 0.0734 0.1973 0.8861 3 3 3 3 1904 2000 1380 1227 2208
[2020-08-24 13:14:11.136] 6.0500 3.1300 -1.1500 11.3125 -129.3125 -326.5000 0.4677 0.0833 0.1926 0.8586 3 3 3 3 1981 1962 1184 1241 2311
[2020-08-24 13:14:11.156] 6.4000 0.4300 -0.1900 6.1875 -78.0000 -246.2500 0.5087 0.0880 0.1904 0.8350 3 3 3 3 2055 2002 961 1283 2367
[2020-08-24 13:14:11.176] 4.2500 -0.4500 -0.0800 16.9375 -53.3125 -156.0000 0.5350 0.0912 0.1901 0.8181 3 3 3 3 2128 2029 451 1320 2385
[2020-08-24 13:14:11.195] 0.2200 -0.5600 -0.1800 12.6250 -45.2500 -130.0000 0.5533 0.0948 0.1893 0.8057 3 3 3 3 2197 2146 48 1354 2384
[2020-08-24 13:14:11.216] 1.0200 0.2500 0.0200 15.7500 -60.0625 -88.0625 0.5674 0.1009 0.1873 0.7955 3 3 3 3 2197 2150 256 1382 2438
[2020-08-24 13:14:11.237] 2.4900 0.2900 0.0300 13.5625 -56.6875 -82.5625 0.5795 0.1074 0.1852 0.7864 3 3 3 3 2145 2185 608 1361 2445
[2020-08-24 13:14:11.256] 2.3800 0.0700 -0.0700 13.2500 -47.6250 -48.4375 0.5882 0.1133 0.1835 0.7795 3 3 3 3 2101 2166 532 1392 2471
[2020-08-24 13:14:11.277] 2.0400 0.3800 0.2900 14.9375 -36.3125 -25.3125 0.5930 0.1190 0.1820 0.7753 3 3 3 3 2107 2224 132 1382 2461
[2020-08-24 13:14:11.296] 0.0900 0.1900 0.0400 12.3750 -26.6250 -25.7500 0.5966 0.1227 0.1815 0.7720 3 3 3 3 2157 2277 0 1376 2467
[2020-08-24 13:14:11.315] 1.3100 0.3000 0.0900 8.6875 -24.1250 -26.4375 0.6008 0.1261 0.1808 0.7684 3 3 3 3 2160 2287 0 1360 2451
[2020-08-24 13:14:11.337] 2.2100 0.4000 -0.0400 7.1250 -18.1250 -23.8750 0.6031 0.1281 0.1803 0.7664 3 3 3 3 2128 2272 0 1353 2448
[2020-08-24 13:14:11.356] 1.7000 0.3600 0.0000 0.4375 -3.3125 -0.8125 0.6038 0.1289 0.1799 0.7658 3 3 3 3 2083 2224 64 1338 2419
[2020-08-24 13:14:11.376] 0.1000 0.3400 0.2200 -3.0000 -4.4375 1.6875 0.6038 0.1288 0.1794 0.7659 3 3 3 3 1971 2107 246 1270 2350
[2020-08-24 13:14:11.395] 1.5900 0.5500 0.0000 -4.2500 -7.5625 5.8125 0.6022 0.1303 0.1770 0.7675 3 3 3 3 1764 1741 961 1255 2261
[2020-08-24 13:14:11.416] 8.1000 0.7000 -0.0800 -15.1250 -5.1875 115.0625 0.5914 0.1332 0.1724 0.7764 3 3 3 3 1648 1216 1088 1232 2172
[2020-08-24 13:14:11.437] 5.7300 1.6400 -0.7300 -11.5625 17.9375 173.8125 0.5645 0.1342 0.1689 0.7968 3 3 3 3 1414 1145 1198 1232 1953
[2020-08-24 13:14:11.457] 4.1500 2.2000 -1.1500 -6.7500 69.1875 293.0000 0.5248 0.1328 0.1672 0.8240 3 3 3 3 1330 1138 1268 1219 1729
[2020-08-24 13:14:11.477] 2.8500 1.6700 -2.1500 6.8125 97.7500 327.3750 0.4769 0.1293 0.1678 0.8530 3 3 3 3 1281 1178 1338 1158 1597
[2020-08-24 13:14:11.495] 2.7800 2.1800 -2.2600 18.7500 110.6250 340.6875 0.4225 0.1234 0.1725 0.8812 3 3 3 3 1296 1320 1254 1070 1520
[2020-08-24 13:14:11.516] -0.5400 1.5600 -1.9600 40.3750 161.0000 343.0000 0.3650 0.1135 0.1812 0.9061 3 3 3 3 1228 1364 1122 1008 1456
[2020-08-24 13:14:11.538] -1.4100 2.0900 -1.3100 45.5625 166.2500 329.8125 0.3093 0.1000 0.1919 0.9260 3 3 3 3 1213 1328 1058 1040 1424
[2020-08-24 13:14:11.557] -7.0400 3.7000 0.1200 34.8750 167.5000 286.6875 0.2607 0.0863 0.1997 0.9406 3 3 3 3 1198 1408 1114 1093 1296
[2020-08-24 13:14:11.577] -2.3900 2.0000 -0.4500 6.8125 102.3750 239.8750 0.2202 0.0797 0.2018 0.9510 3 3 3 3 1138 1390 858 1136 1220
[2020-08-24 13:14:11.596] -1.6700 1.5800 -0.5000 11.5625 77.5000 217.9375 0.1825 0.0753 0.2032 0.9590 3 3 3 3 1110 1408 880 1165 1168
[2020-08-24 13:14:11.617] 0.0200 0.8600 -0.6800 13.0000 76.4375 210.8125 0.1456 0.0701 0.2050 0.9653 3 3 3 3 1094 1456 1021 1159 1133
[2020-08-24 13:14:11.638] -0.3900 0.3300 -0.6100 11.9375 84.1250 200.9375 0.1108 0.0632 0.2067 0.9700 3 3 3 3 1088 1456 1092 1206 1088
[2020-08-24 13:14:11.657] -2.9100 -0.1600 -0.0800 13.6250 83.5000 166.6250 0.0826 0.0556 0.2088 0.9729 3 3 3 3 1106 1469 1154 1173 1010
[2020-08-24 13:14:11.677] -3.6600 -0.3800 0.0500 12.1875 70.6250 110.5000 0.0645 0.0484 0.2107 0.9742 3 3 3 3 1109 1451 1189 1177 1037
[2020-08-24 13:14:11.696] -3.2500 -0.4000 0.1300 9.6250 47.6875 51.5000 0.0532 0.0421 0.2125 0.9748 3 3 3 3 1116 1430 1040 1166 1009
[2020-08-24 13:14:11.717] -2.3300 -0.0200 0.1400 9.0625 31.1250 8.6875 0.0519 0.0377 0.2141 0.9747 3 3 3 3 1115 1248 908 1072 918
[2020-08-24 13:14:11.737] 0.2500 -0.0600 -0.0700 4.6875 14.5625 -14.1875 0.0536 0.0345 0.2150 0.9745 3 3 3 3 1129 1261 656 1033 886
[2020-08-24 13:14:11.757] 0.5500 0.2100 0.0800 6.0000 28.5000 -17.5000 0.0554 0.0290 0.2162 0.9744 3 3 3 3 1118 1215 681 1021 954
[2020-08-24 13:14:11.777] -0.5500 0.4900 0.2900 -0.8750 33.2500 -16.8750 0.0568 0.0232 0.2163 0.9744 3 3 3 3 1152 1248 692 963 870
[2020-08-24 13:14:11.795] -0.8200 0.2700 0.2400 -6.0625 24.0625 -9.6875 0.0573 0.0195 0.2155 0.9746 3 3 3 3 1158 1296 569 920 853
[2020-08-24 13:14:11.817] -0.3600 0.0800 0.1100 -7.0625 9.6875 -3.0000 0.0573 0.0181 0.2144 0.9749 3 3 3 3 1200 1250 490 970 882
[2020-08-24 13:14:11.837] -0.2700 0.0500 0.0800 -5.0000 0.6875 1.0000 0.0573 0.0181 0.2140 0.9750 3 3 3 3 1232 1290 258 1053 896
[2020-08-24 13:14:11.858] 0.1900 -0.1700 -0.1800 -3.0000 -3.5625 1.9375 0.0571 0.0188 0.2131 0.9752 3 3 3 3 1258 1307 144 1023 902
[2020-08-24 13:14:11.877] 0.0500 -0.1400 0.0200 -3.3125 -3.0000 -4.0000 0.0583 0.0188 0.2126 0.9752 3 3 3 3 1249 1328 192 1040 911
[2020-08-24 13:14:11.896] -0.6300 -0.1900 0.1300 -4.7500 0.2500 -16.0000 0.0615 0.0180 0.2119 0.9752 3 3 3 3 1261 1330 248 1013 944
[2020-08-24 13:14:11.918] -1.2000 -0.0300 0.0500 -4.5000 -4.5625 -28.3750 0.0668 0.0182 0.2111 0.9750 3 3 3 3 1259 1373 211 1008 961
[2020-08-24 13:14:11.937] 0.0700 -0.0500 0.0100 -4.6250 -18.0625 -35.5625 0.0701 0.0190 0.2106 0.9749 3 3 3 3 1270 1393 240 1012 985
[2020-08-24 13:14:11.957] 1.0800 0.0500 -0.0100 -3.4375 -20.3750 -35.6250 0.0798 0.0218 0.2095 0.9743 3 3 3 3 1280 1392 233 1006 965
[2020-08-24 13:14:11.978] 1.1900 -0.0300 -0.0200 -2.5625 -14.6250 -28.0625 0.0845 0.0230 0.2090 0.9740 3 3 3 3 1264 1408 297 1008 913
[2020-08-24 13:14:11.995] 1.1500 0.1500 -0.0400 -1.2500 -7.8125 -16.3750 0.0859 0.0233 0.2089 0.9739 3 3 3 3 1274 1426 432 1000 916
[2020-08-24 13:14:12.017] 0.2500 0.0500 -0.0500 -0.5625 -0.9375 -3.8750 0.0872 0.0234 0.2088 0.9738 3 3 3 3 1284 1429 486 1008 915
[2020-08-24 13:14:12.038] -0.0900 0.0000 0.0300 0.3750 1.1875 0.8750 0.0870 0.0233 0.2088 0.9738 3 3 3 3 1274 1470 480 1014 910
[2020-08-24 13:14:12.057] 0.1800 -0.0500 -0.0600 0.6875 -1.6250 1.3750 0.0869 0.0237 0.2088 0.9738 3 3 3 3 1285 1520 448 1018 952
[2020-08-24 13:14:12.077] 0.2100 -0.0500 -0.0200 0.3750 -1.1250 1.0625 0.0867 0.0239 0.2088 0.9738 3 3 3 3 1294 1520 433 1030 958
[2020-08-24 13:14:12.097] 0.2600 -0.0200 -0.0300 -0.0625 -0.5625 0.3125 0.0859 0.0239 0.2088 0.9739 3 3 3 3 1296 1504 480 1033 961
[2020-08-24 13:14:12.117] 0.1500 -0.0200 0.0100 -0.0625 0.1250 -0.1875 0.0858 0.0240 0.2087 0.9739 3 3 3 3 1297 1510 629 1020 956
[2020-08-24 13:14:12.137] 0.0500 -0.0100 -0.0100 -0.1250 1.2500 -0.5625 0.0858 0.0239 0.2087 0.9739 3 3 3 3 1315 1517 652 1021 966
[2020-08-24 13:14:12.157] 0.0600 -0.0100 -0.0200 0.0625 0.3750 -0.1250 0.0858 0.0239 0.2087 0.9739 3 3 3 3 1302 1535 640 1023 981
[2020-08-24 13:14:12.177] 0.0500 0.0000 0.0200 -0.1250 0.1875 -0.0625 0.0858 0.0239 0.2087 0.9739 3 3 3 3 1296 1489 673 1020 986
[2020-08-24 13:14:12.197] 0.0700 -0.0400 -0.0100 -0.0625 0.2500 0.0625 0.0853 0.0238 0.2087 0.9739 3 3 3 3 1296 1489 662 1018 981
[2020-08-24 13:14:12.218] 0.1600 0.0000 -0.0600 0.0625 -0.3125 0.2500 0.0853 0.0239 0.2087 0.9739 3 3 3 3 1298 1488 688 1040 986
[2020-08-24 13:14:12.236] 0.0500 -0.0400 -0.0300 0.0625 0.1875 0.0000 0.0853 0.0239 0.2087 0.9739 3 3 3 3 1306 1531 681 1015 986
[2020-08-24 13:14:12.258] 0.1500 0.0100 -0.0100 0.0625 -0.3125 0.0000 0.0852 0.0239 0.2087 0.9739 3 3 3 3 1303 1505 709 1023 988
[2020-08-24 13:14:12.279] 0.0500 -0.0200 -0.0200 0.0625 -0.2500 0.1875 0.0852 0.0240 0.2087 0.9739 3 3 3 3 1308 1527 714 1023 1002
[2020-08-24 13:14:12.298] 0.1100 -0.0200 0.0000 0.0000 0.1250 -0.1250 0.0850 0.0240 0.2087 0.9740 3 3 3 3 1304 1526 706 990 1003
[2020-08-24 13:14:12.319] 0.1400 -0.0100 -0.0600 0.0625 0.0625 -0.1875 0.0850 0.0240 0.2087 0.9740 3 3 3 3 1312 1507 709 1040 995
[2020-08-24 13:14:12.336] 0.0300 -0.0100 0.0000 -0.0625 0.6250 -0.3125 0.0850 0.0240 0.2087 0.9740 3 3 3 3 1292 1535 720 1012 993
[2020-08-24 13:14:12.357] -0.1300 -0.0100 0.0000 0.0000 0.3125 -0.6250 0.0851 0.0239 0.2087 0.9740 3 3 3 3 1306 1535 716 1040 1002
[2020-08-24 13:14:12.378] 0.1000 -0.0400 0.0000 0.0000 -0.5625 -2.3750 0.0856 0.0239 0.2087 0.9739 3 3 3 3 1305 1535 694 1036 993
[2020-08-24 13:14:12.395] 0.0400 0.0400 -0.0200 -0.3125 -0.6875 -3.5625 0.0858 0.0239 0.2087 0.9739 3 3 3 3 1308 1535 692 1042 1004
[2020-08-24 13:14:12.419] -0.0100 0.0000 -0.0200 -0.3125 -0.3125 -3.9375 0.0868 0.0239 0.2086 0.9738 3 3 3 3 1313 1535 709 1032 1002
[2020-08-24 13:14:12.436] 0.0200 0.0300 0.0300 -0.5000 -0.3125 -4.4375 0.0872 0.0238 0.2086 0.9738 3 3 3 3 1310 1534 708 1008 988
[2020-08-24 13:14:12.456] -0.0300 0.0100 0.0000 -0.3125 -0.8750 -4.1875 0.0878 0.0238 0.2086 0.9738 3 3 3 3 1308 1555 722 1001 1011
[2020-08-24 13:14:12.480] 0.2000 0.0100 -0.0100 -0.0625 -2.3125 -4.0000 0.0890 0.0240 0.2086 0.9736 3 3 3 3 1299 1577 737 1006 995
[2020-08-24 13:14:12.495] 0.1900 -0.0600 -0.0500 -0.6250 -2.0000 -3.1875 0.0893 0.0242 0.2086 0.9736 3 3 3 3 1302 1593 766 1008 1012
[2020-08-24 13:14:12.521] 0.0500 -0.0600 -0.0200 -0.3750 -0.6875 -3.0625 0.0900 0.0244 0.2086 0.9736 3 3 3 3 1280 1605 775 1008 1006
[2020-08-24 13:14:12.537] 0.2200 -0.0300 -0.0100 -0.0625 -1.0625 -2.5000 0.0902 0.0245 0.2085 0.9735 3 3 3 3 1296 1597 773 1017 1005
[2020-08-24 13:14:12.557] 0.0800 -0.0200 -0.0200 -0.0625 -0.3125 -2.5625 0.0906 0.0245 0.2085 0.9735 3 3 3 3 1309 1584 771 1021 1001
[2020-08-24 13:14:12.578] -0.0400 0.0000 -0.0100 -0.1875 -0.6875 -3.6875 0.0915 0.0245 0.2085 0.9734 3 3 3 3 1308 1600 736 1013 1008
[2020-08-24 13:14:12.595] 0.0600 -0.0500 0.0200 0.0000 -1.6875 -4.1875 0.0919 0.0245 0.2085 0.9734 3 3 3 3 1312 1602 776 1012 1008
[2020-08-24 13:14:12.617] 0.1600 -0.0100 -0.0300 -0.2500 -2.8125 -5.1250 0.0928 0.0248 0.2085 0.9733 3 3 3 3 1316 1593 777 1012 1011
[2020-08-24 13:14:12.636] 0.3300 0.0200 -0.0300 -0.1875 -2.2500 -4.5625 0.0936 0.0251 0.2084 0.9732 3 3 3 3 1322 1604 784 1008 1008
[2020-08-24 13:14:12.655] 0.3200 -0.0400 0.0300 -0.1875 -1.9375 -4.0000 0.0941 0.0253 0.2084 0.9731 3 3 3 3 1313 1612 772 1034 1006
[2020-08-24 13:14:12.677] 0.3700 0.0000 0.0000 -0.2500 -1.5625 -2.8125 0.0947 0.0256 0.2084 0.9731 3 3 3 3 1324 1607 848 1051 1008
[2020-08-24 13:14:12.697] 0.0600 -0.0500 0.0000 -0.1875 -0.6250 -1.0625 0.0953 0.0259 0.2083 0.9731 3 3 3 3 1307 1618 871 1033 1008
[2020-08-24 13:14:12.720] 0.0800 -0.0500 -0.0100 -0.1875 -0.8750 -0.3125 0.0953 0.0260 0.2083 0.9731 3 3 3 3 1308 1619 832 1038 1017
[2020-08-24 13:14:12.736] 0.0600 -0.0200 -0.0200 0.0000 -0.7500 -0.8125 0.0954 0.0261 0.2083 0.9730 3 3 3 3 1123 1616 806 1040 1012
[2020-08-24 13:14:12.757] 0.0600 -0.0100 0.0100 0.0000 -0.8125 -1.4375 0.0956 0.0262 0.2083 0.9730 3 3 3 3 1322 1623 810 1022 1023
[2020-08-24 13:14:12.777] 0.0400 -0.0400 -0.0300 -0.2500 -0.6875 -1.5625 0.0959 0.0264 0.2083 0.9730 3 3 3 3 1314 1618 818 1036 1008
[2020-08-24 13:14:12.797] 0.1200 -0.0300 -0.0100 -0.1875 -0.4375 -1.1250 0.0958 0.0263 0.2083 0.9730 3 3 3 3 1314 1638 816 1038 1000
[2020-08-24 13:14:12.820] 0.1400 -0.0100 -0.0100 -0.1875 -0.1250 -1.0000 0.0960 0.0263 0.2083 0.9730 3 3 3 3 1323 1630 848 1040 1023
[2020-08-24 13:14:12.837] 0.1200 -0.0500 0.0000 -0.0625 -0.1250 -0.7500 0.0961 0.0263 0.2083 0.9730 3 3 3 3 1130 1617 880 1030 1011
[2020-08-24 13:14:12.857] 0.0600 -0.0400 0.0000 -0.2500 0.2500 -0.3750 0.0956 0.0262 0.2083 0.9730 3 3 3 3 1328 1657 927 1040 1011
[2020-08-24 13:14:12.877] 0.0500 0.0000 -0.0100 -0.1250 0.1875 -0.3750 0.0956 0.0262 0.2083 0.9730 3 3 3 3 1322 1678 992 1043 1017
[2020-08-24 13:14:12.896] 0.0600 -0.0100 0.0100 0.1250 -0.1250 0.0000 0.0958 0.0263 0.2083 0.9730 3 3 3 3 1323 1680 1022 1037 1010
[2020-08-24 13:14:12.917] 0.0500 0.0000 -0.0300 -0.0625 -0.0625 0.1250 0.0958 0.0263 0.2083 0.9730 3 3 3 3 1319 1670 1014 1040 995
[2020-08-24 13:14:12.937] 0.0600 -0.0300 -0.0100 0.0000 0.3125 0.1875 0.0958 0.0263 0.2083 0.9730 3 3 3 3 1319 1674 1030 1017 998
[2020-08-24 13:14:12.957] 0.0600 -0.0300 -0.0100 0.0625 -0.0625 0.0625 0.0961 0.0264 0.2083 0.9730 3 3 3 3 1323 1675 1042 1040 1009
[2020-08-24 13:14:12.977] 0.0800 0.0000 -0.0100 -0.1250 0.1250 0.0000 0.0961 0.0264 0.2083 0.9730 3 3 3 3 1328 1678 1098 1049 1008
[2020-08-24 13:14:12.997] 0.0500 -0.0200 0.0200 0.1250 -0.3125 0.1250 0.0961 0.0264 0.2083 0.9730 3 3 3 3 1321 1687 1102 1043 1008
[2020-08-24 13:14:13.017] 0.0700 -0.0100 -0.0200 0.0000 0.0000 -0.0625 0.0961 0.0264 0.2083 0.9730 3 3 3 3 1320 1687 1105 1051 1008
[2020-08-24 13:14:13.036] 0.0800 0.0000 0.0000 0.0625 -0.1875 0.0625 0.0960 0.0264 0.2083 0.9730 3 3 3 3 1320 1687 1106 1057 1011
[2020-08-24 13:14:13.057] 0.0800 -0.0200 -0.0100 0.0000 -0.1250 0.2500 0.0959 0.0264 0.2083 0.9730 3 3 3 3 1321 1686 1092 1056 1019
[2020-08-24 13:14:13.076] 0.0700 0.0000 -0.0100 0.0625 0.0625 0.3125 0.0959 0.0265 0.2083 0.9730 3 3 3 3 1314 1691 1050 1040 1040
[2020-08-24 13:14:13.096] 0.0800 -0.0300 0.0100 -0.1250 -0.0625 0.0000 0.0961 0.0266 0.2083 0.9730 3 3 3 3 1316 1687 1049 1057 1039
[2020-08-24 13:14:13.116] 0.0600 0.0000 -0.0400 0.0625 -0.2500 0.0000 0.0961 0.0266 0.2082 0.9730 3 3 3 3 1326 1690 1016 1056 1040
[2020-08-24 13:14:13.136] 0.0700 -0.0100 0.0000 0.0625 0.0000 0.1875 0.0961 0.0266 0.2082 0.9730 3 3 3 3 1116 1674 989 1050 1034
[2020-08-24 13:14:13.156] 0.0900 0.0000 -0.0100 0.0625 -0.2500 0.2500 0.0961 0.0266 0.2082 0.9730 3 3 3 3 1322 1653 981 1065 1032
[2020-08-24 13:14:13.177] 0.0500 -0.0100 -0.0300 0.1250 0.0000 0.3125 0.0961 0.0266 0.2082 0.9730 3 3 3 3 1314 1671 982 1065 1058
[2020-08-24 13:14:13.196] 0.0600 0.0000 -0.0100 0.0625 -0.3125 0.3750 0.0963 0.0267 0.2082 0.9730 3 3 3 3 1320 1666 1004 1069 1056
[2020-08-24 13:14:13.216] 0.0700 -0.0100 -0.0100 0.2500 -0.6250 0.3750 0.0963 0.0267 0.2082 0.9730 3 3 3 3 1313 1667 986 1072 1021
[2020-08-24 13:14:13.236] 0.0800 0.0000 -0.0200 0.3125 -0.2500 0.2500 0.0963 0.0268 0.2082 0.9730 3 3 3 3 1120 1680 992 1059 1038
[2020-08-24 13:14:13.256] 0.0200 0.0000 -0.0400 0.1875 -0.5000 0.3125 0.0963 0.0269 0.2082 0.9730 3 3 3 3 1325 1686 1008 1088 1040
[2020-08-24 13:14:13.276] -0.1600 -0.0100 -0.0300 -0.0625 -0.1875 -0.6875 0.0963 0.0269 0.2082 0.9730 3 3 3 3 1318 1702 1058 1072 1040
[2020-08-24 13:14:13.295] 0.0300 -0.0500 -0.0300 0.0625 -0.6875 -1.6875 0.0966 0.0270 0.2081 0.9730 3 3 3 3 1323 1698 1056 1067 1040
[2020-08-24 13:14:13.316] 0.0500 -0.0100 -0.0400 -0.1875 -1.1250 -2.1250 0.0970 0.0272 0.2081 0.9729 3 3 3 3 1312 1711 1060 1072 1040
[2020-08-24 13:14:13.337] 0.1700 0.0000 0.0000 -0.1875 -1.1250 -2.6250 0.0974 0.0273 0.2081 0.9728 3 3 3 3 1312 1711 1056 1088 1009
[2020-08-24 13:14:13.355] 0.2000 0.0100 0.0000 -0.1875 -0.8125 -2.1250 0.0979 0.0274 0.2081 0.9728 3 3 3 3 1321 1751 1045 1075 1040
[2020-08-24 13:14:13.376] -0.0100 -0.0100 -0.0100 -0.0625 -0.4375 -1.9375 0.0982 0.0274 0.2081 0.9728 3 3 3 3 1320 1763 1029 1072 1040
[2020-08-24 13:14:13.395] 0.0200 -0.0100 0.0000 0.0625 -1.0000 -2.3125 0.0989 0.0275 0.2081 0.9727 3 3 3 3 1321 1759 1014 1072 1040
[2020-08-24 13:14:13.415] 0.1500 -0.0200 -0.0400 -0.1875 -1.6875 -3.1875 0.0994 0.0276 0.2081 0.9727 3 3 3 3 1322 1735 1006 1082 1036
[2020-08-24 13:14:13.435] 0.2000 0.0300 -0.0100 -0.3125 -1.5625 -3.6875 0.1001 0.0278 0.2081 0.9726 3 3 3 3 1316 1770 1013 1057 1047
[2020-08-24 13:14:13.455] 0.1100 0.0100 -0.0200 -0.1250 -0.8750 -3.4375 0.1009 0.0280 0.2081 0.9725 3 3 3 3 1314 1771 1011 1082 1040
[2020-08-24 13:14:13.475] 0.1300 -0.0400 -0.0100 -0.5000 -0.6250 -3.2500 0.1014 0.0280 0.2081 0.9724 3 3 3 3 1309 1773 1077 1074 1046
[2020-08-24 13:14:13.495] 0.1100 0.0500 -0.0100 -0.5000 0.0625 -1.8750 0.1016 0.0280 0.2081 0.9724 3 3 3 3 1312 1791 1079 1082 1045
[2020-08-24 13:14:13.515] 0.0800 0.0100 -0.0400 0.0000 0.0625 -0.3125 0.1016 0.0280 0.2081 0.9724 3 3 3 3 1306 1784 1088 1076 1049
[2020-08-24 13:14:13.535] 0.0700 -0.0200 -0.0300 0.0000 -0.1875 0.1875 0.1016 0.0280 0.2081 0.9724 3 3 3 3 1307 1787 1057 1078 1046
[2020-08-24 13:14:13.555] 0.0500 -0.0400 -0.0100 -0.1250 0.1250 0.0000 0.1016 0.0280 0.2081 0.9724 3 3 3 3 1313 1773 1003 1079 1050
[2020-08-24 13:14:13.575] 0.1000 0.0000 -0.0100 0.0000 -0.0625 0.1250 0.1016 0.0281 0.2081 0.9724 3 3 3 3 1316 1779 972 1072 1056
[2020-08-24 13:14:13.595] 0.0800 -0.0100 -0.0300 0.0000 0.1250 0.0000 0.1016 0.0281 0.2081 0.9724 3 3 3 3 1340 1803 965 1078 1039
[2020-08-24 13:14:13.615] 0.0600 -0.0100 -0.0200 -0.1250 0.0000 0.0625 0.1015 0.0281 0.2081 0.9724 3 3 3 3 1310 1805 982 1088 1057
[2020-08-24 13:14:13.635] 0.1100 -0.0100 -0.0200 0.0000 -0.0625 -0.1250 0.1015 0.0281 0.2081 0.9724 3 3 3 3 1122 1803 970 1089 1065
[2020-08-24 13:14:13.656] 0.0900 -0.0100 -0.0200 -0.0625 0.1250 0.0000 0.1015 0.0281 0.2081 0.9724 3 3 3 3 1326 1795 964 1088 1062
[2020-08-24 13:14:13.675] 0.0500 -0.0100 -0.0100 -0.1250 0.3125 0.1250 0.1015 0.0281 0.2081 0.9724 3 3 3 3 1306 1807 949 1090 1072
[2020-08-24 13:14:13.695] 0.0900 -0.0100 0.0000 -0.0625 0.3125 -0.0625 0.1015 0.0281 0.2081 0.9724 3 3 3 3 1309 1818 970 1088 1068
[2020-08-24 13:14:13.715] 0.0700 0.0000 -0.0100 -0.1250 0.2500 -0.0625 0.1015 0.0281 0.2081 0.9724 3 3 3 3 1312 1827 966 1082 1083
[2020-08-24 13:14:13.736] 0.0800 -0.0100 0.0000 -0.0625 0.1875 0.0000 0.1015 0.0281 0.2081 0.9724 3 3 3 3 1322 1836 953 1087 1078
[2020-08-24 13:14:13.755] 0.0500 -0.0300 -0.0100 -0.0625 -0.1250 0.1250 0.1015 0.0281 0.2081 0.9724 3 3 3 3 1321 1841 874 1088 1072
[2020-08-24 13:14:13.775] 0.0800 -0.0300 -0.0100 -0.0625 -0.0625 0.0000 0.1015 0.0281 0.2081 0.9724 3 3 3 3 1312 1826 890 1088 1081
[2020-08-24 13:14:13.796] 0.0700 0.0000 -0.0100 0.0625 0.0625 0.1250 0.1015 0.0281 0.2081 0.9724 3 3 3 3 1316 1838 898 1088 1081
[2020-08-24 13:14:13.815] 0.0900 -0.0100 -0.0100 0.0000 -0.2500 -0.0625 0.1015 0.0281 0.2081 0.9724 3 3 3 3 1328 1824 910 1088 1072
[2020-08-24 13:14:13.836] 0.0900 -0.0200 -0.0100 0.0625 0.0000 0.0625 0.1015 0.0281 0.2081 0.9724 3 3 3 3 1130 1841 910 1086 1088
[2020-08-24 13:14:13.855] 0.0700 -0.0100 -0.0100 -0.0625 0.0000 0.0625 0.1015 0.0281 0.2081 0.9724 3 3 3 3 1328 1867 937 1088 1088
[2020-08-24 13:14:13.875] 0.0900 -0.0100 -0.0300 -0.1250 0.0625 -0.0625 0.1015 0.0281 0.2081 0.9724 3 3 3 3 1325 1872 904 1088 1085
[2020-08-24 13:14:13.895] 0.0800 0.0000 -0.0200 0.0625 -0.1875 0.1250 0.1015 0.0281 0.2081 0.9724 3 3 3 3 1326 1863 896 1089 1085
[2020-08-24 13:14:13.915] 0.0900 -0.0100 -0.0100 0.1250 0.0000 0.0625 0.1015 0.0281 0.2081 0.9724 3 3 3 3 1328 1869 896 1093 1085
[2020-08-24 13:14:13.936] 0.0700 -0.0100 -0.0100 -0.0625 0.0000 0.1250 0.1015 0.0281 0.2081 0.9724 3 3 3 3 1328 1866 952 1089 1076
[2020-08-24 13:14:13.955] 0.0900 -0.0300 -0.0300 0.0000 0.0625 -0.0625 0.1015 0.0281 0.2081 0.9724 3 3 3 3 1325 1857 966 1096 1069
[2020-08-24 13:14:13.975] 0.0600 -0.0100 -0.0500 0.0000 -0.0625 0.1250 0.1015 0.0281 0.2081 0.9724 3 3 3 3 1322 1867 989 1096 1066
[2020-08-24 13:14:13.996] 0.0800 -0.0100 0.0100 0.0000 0.1250 0.1250 0.1015 0.0281 0.2081 0.9724 3 3 3 3 1332 1871 970 1099 1078
[2020-08-24 13:14:14.015] 0.1100 -0.0300 -0.0600 -0.0625 -0.1875 0.2500 0.1015 0.0281 0.2081 0.9724 3 3 3 3 1326 1865 985 1099 1072
[2020-08-24 13:14:14.036] 0.0900 -0.0100 0.0200 -0.0625 0.0000 0.1250 0.1015 0.0281 0.2081 0.9724 3 3 3 3 1328 1856 984 1096 1074
[2020-08-24 13:14:14.056] 0.0700 0.0000 -0.0400 0.0000 -0.0625 -0.0625 0.1015 0.0281 0.2081 0.9724 3 3 3 3 1328 1859 998 1100 1072
[2020-08-24 13:14:14.076] 0.1100 -0.0200 -0.0100 0.1250 -0.1875 0.2500 0.1015 0.0281 0.2081 0.9724 3 3 3 3 1333 1869 992 1104 1058
[2020-08-24 13:14:14.096] 0.0900 0.0000 0.0000 -0.1250 0.1875 0.0000 0.1015 0.0281 0.2081 0.9724 3 3 3 3 1333 1855 996 1099 1088
[2020-08-24 13:14:14.116] 0.0700 -0.0200 -0.0400 -0.2500 0.1875 -0.0625 0.1015 0.0281 0.2081 0.9724 3 3 3 3 1331 1879 1018 1101 1077
[2020-08-24 13:14:14.137] 0.0800 -0.0100 0.0000 -0.0625 0.0625 0.0625 0.1015 0.0281 0.2081 0.9724 3 3 3 3 1328 1846 1040 1120 1090
[2020-08-24 13:14:14.157] 0.0800 -0.0100 -0.0100 -0.1250 0.2500 -0.0625 0.1015 0.0281 0.2081 0.9724 3 3 3 3 1326 1843 1050 1109 1092
[2020-08-24 13:14:14.175] 0.0800 0.0000 -0.0100 -0.1875 0.1875 -0.0625 0.1015 0.0281 0.2081 0.9724 3 3 3 3 1330 1853 1036 1104 1094
[2020-08-24 13:14:14.195] 0.0800 0.0000 0.0000 -0.1250 0.1875 -0.0625 0.1015 0.0281 0.2081 0.9724 3 3 3 3 1328 1840 1048 1101 1077
[2020-08-24 13:14:14.218] 0.1000 -0.0100 -0.0200 -0.1250 0.0625 0.0000 0.1015 0.0281 0.2081 0.9724 3 3 3 3 1327 1850 1033 1120 1095
[2020-08-24 13:14:14.237] 0.0800 0.0000 0.0000 -0.0625 0.2500 -0.0625 0.1015 0.0281 0.2081 0.9724 3 3 3 3 1321 1871 1040 1110 1099
[2020-08-24 13:14:14.257] 0.0500 0.0000 0.0000 0.0000 0.0000 0.0625 0.1015 0.0281 0.2081 0.9724 3 3 3 3 1332 1872 1040 1125 1094
[2020-08-24 13:14:14.276] 0.0500 -0.0100 -0.0200 -0.1250 0.0000 0.0000 0.1015 0.0281 0.2081 0.9724 3 3 3 3 1340 1898 1056 1112 1088
[2020-08-24 13:14:14.296] 0.0900 -0.0100 0.0000 0.0000 -0.1250 0.1250 0.1015 0.0281 0.2081 0.9724 3 3 3 3 1344 1889 1074 1096 1093
[2020-08-24 13:14:14.316] 0.0500 -0.0200 -0.0200 -0.0625 0.0000 0.0000 0.1015 0.0281 0.2081 0.9724 3 3 3 3 1354 1895 1114 1107 1088
[2020-08-24 13:14:14.338] 0.0800 -0.0200 0.0000 0.0000 -0.1875 -0.0625 0.1015 0.0281 0.2081 0.9724 3 3 3 3 1358 1883 1119 1106 1088
[2020-08-24 13:14:14.357] 0.0600 0.0000 -0.0100 0.0625 -0.1875 -0.1250 0.1015 0.0281 0.2081 0.9724 3 3 3 3 1351 1899 1104 1106 1081
[2020-08-24 13:14:14.376] 0.0800 -0.0200 -0.0100 0.0000 -0.1875 0.0625 0.1015 0.0281 0.2081 0.9724 3 3 3 3 1349 1891 1120 1109 1089
[2020-08-24 13:14:14.396] 0.1000 0.0000 -0.0300 0.0000 -0.1250 0.0000 0.1015 0.0281 0.2081 0.9724 3 3 3 3 1355 1907 1102 1111 1088
[2020-08-24 13:14:14.416] 0.0700 0.0000 -0.0300 0.1875 -0.2500 0.0000 0.1015 0.0281 0.2081 0.9724 3 3 3 3 1354 1904 1121 1104 1085